0	0	0.808543559	0.085689865	0.105766576
0	0	0.988059213	0.001738187	0.0102026
0	0	0.937663724	0.033115167	0.02922111
0	1	0.159341374	0.770892478	0.069766148
0	0	0.950953896	0.006129208	0.042916895
0	0	0.864988622	0.033525836	0.101485543
0	0	0.852951972	0.043025942	0.104022086
0	0	0.851285397	0.045279185	0.103435418
0	0	0.742016251	0.035229054	0.222754695
0	0	0.742165902	0.035190382	0.222643716
0	0	0.758509734	0.087966462	0.153523804
0	0	0.664208272	0.06784297	0.267948759
0	0	0.616615775	0.032784181	0.350600044
0	0	0.86929578	0.030562795	0.100141425
0	0	0.93721402	0.009102159	0.053683821
0	0	0.931164684	0.027791665	0.041043651
0	0	0.775280187	0.084582255	0.140137558
0	0	0.832360803	0.076383447	0.09125575
0	0	0.807060311	0.086912199	0.10602749
0	0	0.858301291	0.087239324	0.054459385
0	0	0.684535231	0.146795449	0.16866932
0	0	0.646334934	0.253159024	0.100506042
0	0	0.821144381	0.098681644	0.080173974
0	0	0.900514818	0.055749398	0.043735784
0	0	0.759493059	0.110647689	0.129859252
0	1	0.094707493	0.806571959	0.098720549
0	0	0.483641009	0.33084266	0.185516331
0	0	0.774807798	0.053240266	0.171951936
0	0	0.913499546	0.036276962	0.050223492
0	0	0.86190707	0.049207569	0.088885361
0	0	0.786983457	0.09831801	0.114698532
0	0	0.831769826	0.076719488	0.091510686
0	0	0.826217457	0.060864982	0.112917561
0	0	0.969647779	0.014321084	0.016031137
0	0	0.976166051	0.014588488	0.009245461
0	0	0.945148518	0.038676883	0.016174599
0	0	0.91374188	0.036141729	0.050116391
0	0	0.947303003	0.020440516	0.032256482
0	0	0.865062194	0.033605892	0.101331914
0	0	0.866096575	0.032713781	0.101189644
0	0	0.888279959	0.037636976	0.074083065
0	0	0.892809161	0.058801823	0.048389016
0	0	0.807803593	0.086463205	0.105733201
0	0	0.831935589	0.076773154	0.091291257
0	0	0.883355188	0.044337347	0.072307465
0	0	0.820249672	0.099286417	0.080463911
0	0	0.92190208	0.036387999	0.041709921
0	0	0.980316122	0.009096367	0.010587511
0	0	0.820221547	0.067388507	0.112389946
0	0	0.884046504	0.049705206	0.066248291
0	0	0.965035737	0.003843814	0.031120449
0	0	0.933889245	0.050011744	0.016099011
0	0	0.80498896	0.082783483	0.112227556
0	0	0.891718565	0.014913257	0.093368177
0	0	0.964264149	0.010391262	0.025344589
0	0	0.986201876	0.004163521	0.009634603
0	0	0.769740268	0.125543604	0.104716128
0	0	0.660017423	0.281509511	0.058473066
0	0	0.90810595	0.029325606	0.062568444
0	0	0.645880708	0.204959997	0.149159294
0	1	0.246720775	0.611587007	0.141692218
0	0	0.77526151	0.050678431	0.174060059
0	0	0.665277276	0.067707971	0.267014753
0	0	0.821860207	0.064165797	0.113973996
0	0	0.927038959	0.009780549	0.063180493
0	0	0.688581811	0.113583033	0.197835156
0	0	0.96638687	0.016034846	0.017578283
0	0	0.703611812	0.153519378	0.14286881
0	0	0.96336849	0.015451962	0.021179548
0	0	0.964630553	0.007413074	0.027956373
0	0	0.950893802	0.006127595	0.042978603
0	0	0.909626704	0.046128653	0.044244643
0	0	0.958113665	0.014060457	0.027825877
0	0	0.899818651	0.062664384	0.037516965
0	0	0.671316929	0.269924246	0.058758825
0	0	0.84490916	0.047145055	0.107945786
0	0	0.974878722	0.006690664	0.018430614
0	0	0.946321678	0.020698941	0.032979381
0	0	0.977481556	0.003638893	0.018879552
0	0	0.688282023	0.113454136	0.19826384
0	0	0.903289529	0.035326844	0.061383627
0	0	0.912974334	0.026931801	0.060093866
0	0	0.947260225	0.011393851	0.041345924
0	0	0.861074874	0.069712627	0.069212499
0	0	0.888424525	0.0370419	0.074533575
0	0	0.93523044	0.048803057	0.015966503
0	0	0.61753062	0.032750841	0.349718538
0	0	0.890439233	0.065184054	0.044376714
0	0	0.915407862	0.032481468	0.05211067
0	0	0.892833261	0.045736645	0.061430094
0	0	0.502760717	0.168648109	0.328591174
0	0	0.850737552	0.029871465	0.119390983
0	0	0.921349619	0.020231475	0.058418906
0	0	0.918653957	0.026253768	0.055092275
0	0	0.856996215	0.088228805	0.054774979
0	0	0.864124245	0.034491626	0.101384129
0	0	0.958005376	0.014074342	0.027920282
0	0	0.804554022	0.064643536	0.130802443
0	0	0.699182002	0.210610632	0.090207366
0	0	0.901003621	0.055407185	0.043589194
0	0	0.422735226	0.171957274	0.4053075
0	0	0.775852391	0.07914347	0.145004139
0	0	0.92420543	0.024819618	0.050974952
0	0	0.922336874	0.002886113	0.074777013
0	0	0.699543301	0.270190616	0.030266082
0	0	0.887865134	0.036937225	0.075197641
0	0	0.937234229	0.009096896	0.053668875
0	0	0.913913287	0.02549636	0.060590353
0	0	0.919296644	0.027308796	0.05339456
0	0	0.499964033	0.378545456	0.121490511
0	2	0.216241572	0.380694102	0.403064327
0	0	0.883383747	0.044241342	0.072374911
0	1	0.167780916	0.655146619	0.177072465
0	0	0.832378859	0.057190494	0.110430647
0	0	0.775912617	0.084465225	0.139622159
0	0	0.945173088	0.020958998	0.033867914
0	0	0.808543559	0.085689865	0.105766576
0	0	0.776231066	0.084466098	0.139302836
0	0	0.804311128	0.133778597	0.061910276
0	0	0.888156378	0.037093725	0.074749897
0	0	0.661087968	0.034011099	0.304900933
0	0	0.806522197	0.063958307	0.129519496
0	0	0.837628742	0.026721673	0.135649584
0	0	0.80840256	0.044077972	0.147519468
0	2	0.172208855	0.139227323	0.688563823
0	0	0.649161149	0.033051964	0.317786887
0	2	0.237653474	0.116014319	0.646332207
0	0	0.959384471	0.023617593	0.016997936
0	1	0.106746691	0.868579097	0.024674212
0	0	0.70703662	0.06355988	0.2294035
0	0	0.51645264	0.065253755	0.418293605
0	0	0.819181993	0.099325891	0.081492116
0	0	0.807233069	0.04345876	0.149308172
0	0	0.852409768	0.051741872	0.09584836
0	1	0.154882441	0.732941861	0.112175699
0	0	0.368334251	0.334083452	0.297582297
0	0	0.493257198	0.083548787	0.423194015
0	0	0.726796983	0.103228728	0.169974289
0	0	0.773048079	0.08405247	0.142899451
0	0	0.87368867	0.014755621	0.111555709
0	0	0.966784757	0.007712758	0.025502485
0	0	0.798962853	0.053936879	0.147100268
0	1	0.252313359	0.37810495	0.369581691
0	0	0.60358214	0.101238806	0.295179055
0	0	0.921318763	0.020240916	0.058440321
0	0	0.884243543	0.049790914	0.065965543
0	0	0.657106253	0.047548285	0.295345462
0	0	0.503887514	0.167344248	0.328768237
0	0	0.985125189	0.010639449	0.004235362
0	0	0.952252649	0.014763094	0.032984257
0	0	0.77611231	0.051956002	0.171931689
0	0	0.957888716	0.014088116	0.028023168
0	2	0.171838278	0.063102084	0.765059639
0	0	0.776338275	0.084909701	0.138752025
0	0	0.778405937	0.049911336	0.171682726
0	0	0.689748323	0.143513166	0.166738511
0	0	0.54201926	0.078007232	0.379973508
0	2	0.420727075	0.140103908	0.439169018
0	0	0.88845755	0.037333344	0.074209106
0	0	0.888180466	0.037685483	0.074134051
0	0	0.775547927	0.084797815	0.139654258
0	2	0.36490301	0.10310332	0.53199367
0	0	0.878397807	0.073817776	0.047784417
0	0	0.392876708	0.354601932	0.252521361
0	2	0.370588562	0.08777638	0.541635058
0	0	0.651498222	0.024912624	0.323589154
0	0	0.628846766	0.245743329	0.125409905
0	1	0.066283582	0.850175024	0.083541393
0	0	0.455119105	0.402847933	0.142032962
0	0	0.787595304	0.098109518	0.114295178
0	2	0.374513235	0.177829841	0.447656924
0	0	0.974793689	0.006725632	0.01848068
0	0	0.809299458	0.093500708	0.097199834
0	0	0.919463451	0.027185678	0.053350871
0	1	0.120009976	0.771606631	0.108383393
0	0	0.806767329	0.082165484	0.111067187
0	0	0.958776707	0.013962263	0.02726103
0	0	0.748852867	0.192258828	0.058888306
0	1	0.06301903	0.897162266	0.039818704
0	0	0.542142767	0.348531765	0.109325468
0	0	0.831334136	0.077248833	0.091417032
0	0	0.919937473	0.016590093	0.063472434
0	0	0.472163917	0.084811081	0.443025002
0	0	0.632431486	0.08852384	0.279044674
0	2	0.321481766	0.202459695	0.476058539
0	0	0.940879383	0.013268794	0.045851823
0	0	0.776460292	0.084474144	0.139065564
0	1	0.181552731	0.498022941	0.320424328
0	0	0.83187049	0.076836268	0.091293242
0	0	0.891514924	0.014923277	0.0935618
0	0	0.508046251	0.0690805	0.42287325
0	0	0.776649118	0.04991835	0.173432533
0	0	0.640880503	0.091372359	0.267747137
0	0	0.822504416	0.051524316	0.125971268
0	0	0.566888205	0.087449555	0.34566224
0	0	0.996682351	0.000376112	0.002941537
0	2	0.191719232	0.1371715	0.671109268
0	0	0.807130293	0.063782899	0.129086808
0	0	0.609686294	0.338913378	0.051400328
0	1	0.400562402	0.484525259	0.114912339
0	0	0.649676387	0.025047509	0.325276104
0	0	0.933115692	0.035202926	0.031681382
0	0	0.801961148	0.135620448	0.062418404
0	0	0.878196431	0.013766943	0.108036625
0	2	0.184301669	0.309071895	0.506626436
0	1	0.281291244	0.422373751	0.296335005
0	0	0.845127814	0.047081864	0.107790322
0	0	0.468285663	0.143491887	0.38822245
0	0	0.951972093	0.00303811	0.044989797
0	0	0.530124055	0.043930597	0.425945348
0	0	0.545447381	0.10072624	0.35382638
0	0	0.601653793	0.253961374	0.144384833
0	0	0.413262616	0.263824277	0.322913106
0	0	0.808524835	0.048965276	0.142509889
0	0	0.693655239	0.158645962	0.1476988
0	0	0.718383346	0.125562461	0.156054193
0	0	0.918807343	0.054178084	0.027014573
0	2	0.171956495	0.063069766	0.76497374
0	0	0.818499328	0.012454383	0.169046289
0	0	0.887845257	0.037468383	0.074686359
0	2	0.245025355	0.27742807	0.477546575
0	0	0.94408358	0.021179097	0.034737323
0	0	0.807860166	0.086356924	0.105782911
0	2	0.206830593	0.266906943	0.526262464
0	1	0.038795386	0.870790415	0.090414199
0	0	0.877880482	0.068628676	0.053490842
0	0	0.689244401	0.113283772	0.197471827
0	0	0.645020372	0.228373375	0.126606253
0	0	0.806959119	0.063852326	0.129188556
0	0	0.831999432	0.076702305	0.091298263
0	2	0.131746976	0.074491367	0.793761657
0	2	0.131710223	0.074828904	0.793460873
0	0	0.945042472	0.038653212	0.016304316
0	1	0.441191566	0.444913184	0.11389525
0	0	0.878953863	0.013681334	0.107364803
0	1	0.186757583	0.704093689	0.109148728
0	2	0.016352949	0.023479044	0.960168007
0	0	0.837512287	0.115115496	0.047372218
0	0	0.499639611	0.2382182	0.262142189
0	0	0.747970797	0.124382804	0.127646399
0	0	0.980290128	0.009108869	0.010601003
0	0	0.831880862	0.076806497	0.091312641
0	0	0.533080641	0.193673298	0.27324606
0	0	0.781219488	0.155735047	0.063045466
0	0	0.838006178	0.026811355	0.135182467
0	0	0.891852667	0.014942372	0.093204961
0	2	0.39736419	0.193456604	0.409179206
0	0	0.621156904	0.109069328	0.269773768
0	0	0.890219957	0.06528541	0.044494633
0	0	0.653048754	0.146503862	0.200447384
0	0	0.516440538	0.206409107	0.277150355
0	0	0.886795654	0.057060641	0.056143706
0	0	0.426378927	0.237514447	0.336106626
0	0	0.669648236	0.096086858	0.234264906
0	0	0.607608035	0.340982104	0.051409861
0	1	0.370427269	0.424604064	0.204968667
0	0	0.553042139	0.083074201	0.363883659
0	0	0.604573271	0.111299289	0.28412744
0	0	0.862970705	0.033310769	0.103718526
0	0	0.577365687	0.15589393	0.266740383
0	1	0.377366259	0.42217344	0.200460301
0	0	0.848410956	0.039939473	0.111649571
0	2	0.075148577	0.17388031	0.750971113
0	2	0.383263014	0.085227272	0.531509714
0	0	0.824572221	0.064667886	0.110759893
0	0	0.918661314	0.026306538	0.055032148
0	2	0.17174771	0.063289953	0.764962337
0	0	0.604467101	0.1010128	0.294520098
0	0	0.542337623	0.348308551	0.109353825
0	0	0.82034819	0.124602525	0.055049285
0	0	0.611258266	0.263965804	0.124775929
0	0	0.908838462	0.02892966	0.062231878
0	0	0.989338611	0.002201495	0.008459894
0	2	0.122086463	0.206940127	0.67097341
0	0	0.650422192	0.148030995	0.201546813
0	0	0.848422422	0.039959988	0.11161759
0	0	0.687442564	0.113860986	0.19869645
0	0	0.941720504	0.018569279	0.039710218
0	0	0.820921224	0.097331936	0.08174684
0	2	0.17224594	0.062641208	0.765112851
0	2	0.216463483	0.243939895	0.539596622
0	0	0.892970557	0.04194057	0.065088873
0	0	0.931070735	0.027749984	0.041179281
0	2	0.465885604	0.049990857	0.484123539
0	1	0.100237925	0.588776474	0.310985601
0	0	0.575349279	0.157162028	0.267488693
0	2	0.309050368	0.316557299	0.374392333
0	0	0.830797733	0.077523907	0.09167836
0	2	0.206781063	0.267029882	0.526189055
0	2	0.187975837	0.211793856	0.600230307
0	0	0.959648295	0.023342293	0.017009412
0	0	0.740316302	0.099731097	0.159952601
0	0	0.769972727	0.087667837	0.142359435
0	0	0.49772485	0.169872374	0.332402776
0	0	0.696436411	0.063578572	0.239985017
0	1	0.196239713	0.525282879	0.278477408
0	0	0.511841233	0.226742381	0.261416386
0	0	0.710405424	0.110889679	0.178704897
0	0	0.489303246	0.156347709	0.354349045
0	0	0.837870031	0.026604038	0.135525931
0	0	0.877661395	0.026116332	0.096222273
0	0	0.643845239	0.031533749	0.324621012
0	0	0.509874386	0.229009708	0.261115906
0	1	0.273700114	0.516839836	0.20946005
0	0	0.817256028	0.089384959	0.093359013
0	0	0.787759993	0.098012348	0.114227659
0	0	0.914963234	0.032174811	0.052861954
0	0	0.759641013	0.091135369	0.149223618
0	0	0.758893316	0.091282693	0.149823991
0	0	0.833609418	0.038782339	0.127608243
0	2	0.139359647	0.404017412	0.456622941
0	0	0.634561363	0.249294267	0.116144371
0	0	0.615303656	0.150884689	0.233811655
0	0	0.499715275	0.147295163	0.352989562
0	0	0.687667412	0.114206168	0.198126419
0	0	0.745494485	0.247756829	0.006748685
0	0	0.702157916	0.02323032	0.274611763
0	0	0.965035737	0.003843814	0.031120449
0	0	0.717255991	0.160057449	0.12268656
0	0	0.853105476	0.042999272	0.103895251
0	1	0.297519645	0.48336896	0.219111395
0	0	0.727004755	0.081429126	0.191566119
0	0	0.775379357	0.071618427	0.153002216
0	1	0.294274651	0.382188338	0.323537012
0	0	0.660983074	0.155606165	0.183410761
0	0	0.980292953	0.009107074	0.010599973
0	2	0.215352281	0.382517806	0.402129913
0	0	0.774895065	0.071846193	0.153258742
0	0	0.546437677	0.09287182	0.360690504
0	0	0.404996548	0.284598252	0.310405201
0	0	0.662306159	0.068123888	0.269569954
0	0	0.6106208	0.338044027	0.051335173
0	0	0.735201202	0.175922614	0.088876184
0	1	0.11243519	0.720450684	0.167114126
0	0	0.97779313	0.00670597	0.015500901
0	0	0.917065141	0.030041462	0.052893397
0	2	0.117874244	0.162149432	0.719976324
0	0	0.490467295	0.358188219	0.151344486
0	0	0.95042694	0.012853438	0.036719623
0	2	0.190158748	0.138512315	0.671328938
0	0	0.557234882	0.082987238	0.35977788
0	0	0.952553019	0.030397056	0.017049924
0	0	0.589493159	0.326804821	0.08370202
0	1	0.434322096	0.44625316	0.119424744
0	0	0.854413766	0.044617028	0.100969206
0	0	0.651852871	0.147646201	0.200500929
0	0	0.88239483	0.044284716	0.073320454
0	0	0.737921591	0.135008478	0.127069931
0	0	0.373245847	0.321898832	0.304855322
0	0	0.937167867	0.009102621	0.053729512
0	0	0.568894239	0.081678805	0.349426956
0	0	0.982450118	0.002615747	0.014934136
0	0	0.670387124	0.09637582	0.233237056
0	0	0.571826803	0.15900508	0.269168117
0	0	0.522224954	0.10918006	0.368594986
0	0	0.977582717	0.006757702	0.015659581
0	0	0.795459878	0.05306515	0.151474972
0	0	0.778868781	0.051870104	0.169261116
0	0	0.833306718	0.038799284	0.127893998
0	0	0.621581157	0.094619774	0.283799069
0	0	0.861260478	0.069567464	0.069172058
0	0	0.502970282	0.23332471	0.263705009
0	0	0.556705933	0.34972151	0.093572558
0	2	0.405241014	0.089342919	0.505416067
0	0	0.517560401	0.167139073	0.315300526
0	1	0.240012398	0.403788239	0.356199362
1	2	0.185202053	0.139707005	0.675090941
1	1	0.155938291	0.518562394	0.325499315
1	1	0.206403784	0.736739499	0.056856717
0	1	0.193398698	0.541939219	0.264662083
1	1	0.238579349	0.579984835	0.181435815
1	1	0.187599628	0.45843112	0.353969252
0	0	0.744317113	0.032817673	0.222865215
0	0	0.590219836	0.046819279	0.362960884
0	0	0.951325455	0.002290468	0.046384077
0	0	0.629656108	0.095590535	0.274753357
1	0	0.922129233	0.030836078	0.047034688
1	1	0.323628981	0.490584599	0.185786421
0	0	0.884373387	0.058327831	0.057298781
0	1	0.359561244	0.469930363	0.170508393
1	2	0.065615978	0.054034311	0.880349712
1	1	0.076151084	0.683973592	0.239875325
0	2	0.217155693	0.019190485	0.763653822
0	2	0.378575022	0.161614563	0.459810415
1	0	0.767250999	0.207745546	0.025003455
0	0	0.464471864	0.129995649	0.405532486
0	0	0.919388061	0.002588577	0.078023362
1	0	0.385507678	0.357187591	0.257304732
0	0	0.947303003	0.020440516	0.032256482
0	0	0.951858241	0.003044742	0.045097018
0	0	0.608135892	0.114148287	0.277715821
1	1	0.247802677	0.610777523	0.1414198
0	0	0.777222496	0.050220668	0.172556835
1	2	0.213205539	0.385274732	0.401519729
1	0	0.69717353	0.212201087	0.090625384
1	0	0.535774851	0.052311384	0.411913765
0	0	0.653790164	0.146655522	0.199554314
0	0	0.961534342	0.021778653	0.016687005
0	0	0.581053877	0.232163876	0.186782247
1	0	0.411782282	0.190717785	0.397499934
0	1	0.363008128	0.43949451	0.197497362
1	1	0.397341621	0.487259296	0.115399084
0	0	0.858516181	0.027129061	0.114354758
0	0	0.598020825	0.079600914	0.322378261
0	2	0.470182644	0.053625314	0.476192042
1	1	0.119206393	0.491841437	0.388952171
1	1	0.253852364	0.445435678	0.300711958
0	1	0.158330249	0.77199883	0.069670921
0	0	0.520803096	0.324236126	0.154960777
1	1	0.132306219	0.795617927	0.072075853
0	1	0.290744761	0.58995471	0.11930053
1	1	0.367595618	0.427982998	0.204421384
0	0	0.495193632	0.337696939	0.167109429
0	0	0.974790576	0.006726955	0.018482469
0	0	0.786483742	0.024492625	0.189023633
1	0	0.584245949	0.249565658	0.166188393
0	0	0.837560483	0.115064573	0.047374944
0	0	0.542273049	0.348615521	0.10911143
1	0	0.608431932	0.32291368	0.068654388
1	0	0.364962384	0.289916889	0.345120728
1	1	0.106204028	0.797563963	0.096232009
0	0	0.516618494	0.240977768	0.242403739
0	1	0.065652796	0.85080264	0.083544564
0	0	0.663409126	0.277964076	0.058626797
0	0	0.688203238	0.113793363	0.198003399
0	0	0.655744151	0.144744584	0.199511265
1	1	0.1450418	0.780724221	0.074233979
1	1	0.073429342	0.887069751	0.039500906
1	1	0.145192824	0.780599864	0.074207311
1	1	0.06607242	0.816520006	0.117407573
1	1	0.063321405	0.732983668	0.203694927
1	1	0.036689907	0.926210659	0.037099434
0	2	0.404410603	0.102825225	0.492764172
0	0	0.657831754	0.034306993	0.307861253
0	0	0.716858073	0.191766383	0.091375544
1	1	0.180457688	0.742257587	0.077284725
1	1	0.424510194	0.510778494	0.064711312
1	1	0.065447936	0.812694244	0.12185782
1	1	0.115730423	0.772988019	0.111281558
0	0	0.801620414	0.048858834	0.149520753
1	0	0.512143468	0.327178141	0.160678391
1	1	0.095020184	0.80640761	0.098572206
1	1	0.026367685	0.829513338	0.144118977
0	0	0.888338532	0.037060544	0.074600924
1	1	0.257493785	0.444475788	0.298030427
0	0	0.937256903	0.009094387	0.05364871
0	0	0.941798251	0.018559672	0.039642076
1	1	0.14264182	0.724612285	0.132745895
1	1	0.199519421	0.683558049	0.11692253
1	1	0.199322448	0.560272827	0.240404725
0	0	0.702977841	0.087123388	0.209898771
0	0	0.963493691	0.015359988	0.021146321
1	0	0.651039389	0.075058675	0.273901936
0	0	0.574671957	0.125712728	0.299615315
1	0	0.518903813	0.324867866	0.156228321
0	0	0.943898831	0.021227956	0.034873213
0	0	0.796351923	0.079466949	0.124181127
1	1	0.01185663	0.838644746	0.149498624
1	1	0.230821545	0.474776838	0.294401617
0	0	0.890773518	0.064850862	0.044375619
1	2	0.138844957	0.405717819	0.455437225
0	0	0.540160066	0.281593774	0.17824616
1	0	0.510126381	0.050408434	0.439465186
0	0	0.421296565	0.257865212	0.320838222
0	1	0.09293004	0.793018819	0.114051141
0	2	0.365597363	0.103630597	0.53077204
1	2	0.263839545	0.263233411	0.472927044
1	1	0.245688121	0.448838409	0.30547347
0	0	0.631719746	0.103964122	0.264316132
0	0	0.927142256	0.007563296	0.065294448
0	2	0.417867174	0.135309347	0.446823479
1	0	0.36468225	0.352068735	0.283249016
0	1	0.279412399	0.600695903	0.119891698
0	0	0.909692618	0.046090496	0.044216886
0	0	0.848633981	0.08806965	0.06329637
0	0	0.966821917	0.01591424	0.017263843
0	0	0.541422629	0.084074236	0.374503135
0	0	0.834526278	0.110405973	0.055067749
0	0	0.966042822	0.00549978	0.028457398
0	0	0.727595334	0.030184998	0.242219668
1	0	0.602513407	0.100938348	0.296548244
0	0	0.613372765	0.187573891	0.199053344
0	0	0.486741681	0.027683417	0.485574902
0	1	0.184913805	0.49799488	0.317091316
0	0	0.919688227	0.016640421	0.063671352
1	1	0.032122125	0.892873606	0.075004269
0	0	0.705459229	0.008610212	0.285930559
0	0	0.66543764	0.067670134	0.266892226
1	2	0.18838477	0.310625039	0.500990191
0	0	0.959457242	0.023548633	0.016994126
0	0	0.530771911	0.155466828	0.313761261
0	0	0.91302571	0.007640508	0.079333782
0	0	0.635382119	0.248694834	0.115923047
0	0	0.654599918	0.054719724	0.290680358
0	0	0.365266206	0.304425508	0.330308286
1	2	0.212439332	0.384351098	0.40320957
0	0	0.530675334	0.051922406	0.41740226
0	0	0.565606587	0.07479109	0.359602323
1	1	0.234994045	0.569329967	0.195675989
1	0	0.876291573	0.075837954	0.047870473
1	0	0.685577855	0.115291311	0.199130834
1	1	0.130441212	0.779476582	0.090082205
1	0	0.711285778	0.195874527	0.092839694
1	2	0.397648505	0.174717164	0.42763433
0	0	0.443837086	0.410985351	0.145177564
1	1	0.017217728	0.91291205	0.069870222
0	0	0.705441351	0.226223543	0.068335106
0	2	0.185726885	0.139432029	0.674841086
0	0	0.504777989	0.167908419	0.327313592
0	0	0.417957136	0.279996998	0.302045866
0	0	0.690099435	0.059331223	0.250569342
1	0	0.599029996	0.159048896	0.241921108
0	0	0.491991098	0.190387339	0.317621564
0	1	0.033459875	0.808957967	0.157582158
1	0	0.442762882	0.283591372	0.273645746
1	0	0.545089195	0.149777288	0.305133517
0	2	0.107411344	0.399560741	0.493027915
1	2	0.041407358	0.42844338	0.530149262
0	2	0.038145807	0.268517431	0.693336763
0	0	0.983568209	0.006277595	0.010154196
1	0	0.566008307	0.118191803	0.31579989
0	0	0.722983877	0.186268079	0.090748044
1	0	0.928470679	0.034454472	0.037074849
1	2	0.207119288	0.057053812	0.735826899
1	1	0.094777197	0.806439474	0.098783328
1	1	0.090235549	0.654468502	0.25529595
0	0	0.913915505	0.036018695	0.050065799
0	0	0.820892171	0.097982781	0.081125048
1	1	0.374262942	0.419204389	0.206532669
1	0	0.928461572	0.034423139	0.037115289
1	1	0.145910279	0.657662516	0.196427205
1	0	0.652410387	0.074916472	0.272673141
0	0	0.695971102	0.063676026	0.240352871
1	1	0.167641581	0.685211983	0.147146436
1	1	0.085895721	0.800578037	0.113526242
1	1	0.10921172	0.700776061	0.190012219
1	1	0.064787265	0.843541462	0.091671273
1	1	0.337565712	0.512325514	0.150108774
0	0	0.892061731	0.004172583	0.103765686
1	0	0.459790547	0.404872035	0.135337418
1	1	0.220921765	0.571811066	0.207267169
1	1	0.073464529	0.887051188	0.039484283
1	1	0.423002266	0.512231943	0.06476579
0	0	0.88955674	0.065741034	0.044702226
1	1	0.079009905	0.876619667	0.044370429
1	1	0.085645242	0.770325901	0.144028857
1	1	0.085381047	0.770256937	0.144362016
1	1	0.247360328	0.522302065	0.230337607
0	0	0.571336015	0.067375234	0.361288751
1	1	0.217874059	0.588347163	0.193778778
1	1	0.249682007	0.60946903	0.140848963
0	0	0.977819818	0.006717563	0.015462619
1	1	0.085555013	0.770438319	0.144006667
0	0	0.604334515	0.100738483	0.294927003
1	1	0.154201998	0.735215328	0.110582674
0	2	0.24740413	0.277639401	0.474956468
1	0	0.509964148	0.247235278	0.242800574
1	0	0.857362049	0.064641737	0.077996214
1	0	0.481422262	0.262918676	0.255659062
0	2	0.165315793	0.091118198	0.743566009
0	2	0.47881572	0.018473103	0.502711177
1	1	0.036628843	0.926705666	0.036665491
0	2	0.19019931	0.191439632	0.618361058
0	0	0.854294461	0.05824603	0.087459509
1	1	0.180388838	0.660577684	0.159033478
1	0	0.649742771	0.223917246	0.126339983
0	0	0.848153661	0.066683785	0.085162553
1	2	0.147326745	0.161249504	0.691423751
1	1	0.141583076	0.769073587	0.089343336
1	0	0.709517859	0.111517962	0.178964179
0	0	0.904749562	0.02325821	0.071992229
1	0	0.705144582	0.152018597	0.14283682
1	0	0.620808233	0.215771986	0.163419781
1	1	0.428191652	0.506776906	0.065031442
1	1	0.25187391	0.598800572	0.149325518
0	2	0.285854143	0.121983	0.592162856
0	0	0.885844167	0.064919046	0.049236787
0	0	0.806532513	0.063946335	0.129521153
0	2	0.119797279	0.390645685	0.489557036
0	0	0.844560798	0.023700988	0.131738214
1	0	0.648995122	0.03323572	0.317769158
1	1	0.208041957	0.592552676	0.199405367
0	0	0.690142048	0.033693247	0.276164705
1	1	0.068273408	0.766565658	0.165160934
1	1	0.254967153	0.38078493	0.364247917
0	0	0.571978697	0.045837464	0.382183839
0	0	0.740693334	0.099672188	0.159634477
0	0	0.645371731	0.059849105	0.294779164
2	1	0.056679391	0.554191704	0.389128905
1	0	0.805915566	0.142035778	0.052048656
2	1	0.155059031	0.532565499	0.31237547
1	1	0.163654039	0.624564546	0.211781415
0	0	0.610252295	0.153265616	0.236482089
2	0	0.643573478	0.031097773	0.325328749
0	0	0.959215499	0.03142852	0.00935598
2	2	0.150542544	0.388481571	0.460975885
0	2	0.236460928	0.136139894	0.627399178
0	1	0.155625674	0.442815675	0.40155865
0	0	0.815409854	0.028491075	0.156099071
0	0	0.855689264	0.076188254	0.068122483
0	0	0.838099521	0.016638792	0.145261687
1	1	0.056667859	0.79911686	0.144215281
0	0	0.662140142	0.068222691	0.269637167
0	0	0.858477761	0.063953789	0.07756845
2	1	0.329108084	0.375623089	0.295268827
1	0	0.636114915	0.34219448	0.021690605
1	1	0.074356837	0.590326409	0.335316754
2	1	0.165078492	0.764117114	0.070804394
1	1	0.185177533	0.6613049	0.153517567
1	1	0.21648528	0.637862379	0.145652341
1	2	0.108071432	0.203444333	0.688484235
1	1	0.130329766	0.556556059	0.313114175
2	0	0.804005672	0.055606846	0.140387481
0	0	0.496707909	0.171468941	0.33182315
0	0	0.655302476	0.145619481	0.199078043
0	0	0.820258431	0.099188239	0.08055333
1	1	0.235175088	0.569369889	0.195455023
1	2	0.29979345	0.347197485	0.353009065
0	0	0.919227667	0.027317672	0.05345466
1	1	0.038781651	0.870917468	0.090300881
1	1	0.095515704	0.529159912	0.375324384
1	0	0.377861072	0.355678273	0.266460655
0	0	0.977681914	0.006738143	0.015579943
1	1	0.111198409	0.699675095	0.189126495
0	0	0.862017989	0.068991005	0.068991005
1	0	0.643224155	0.255160631	0.101615214
2	1	0.153031986	0.528396507	0.318571507
1	1	0.132725206	0.797100583	0.070174211
1	1	0.312729312	0.388362041	0.298908647
0	0	0.936136599	0.020250134	0.043613268
0	0	0.931193686	0.036305429	0.032500884
0	2	0.190383952	0.21080696	0.598809089
1	1	0.107418669	0.598624184	0.293957146
2	2	0.185826415	0.191007555	0.62316603
0	0	0.689372897	0.140918589	0.169708514
2	2	0.012532107	0.492548987	0.494918906
1	1	0.268033683	0.521397472	0.210568845
1	1	0.064652165	0.851263391	0.084084445
0	1	0.085042803	0.842147096	0.072810101
1	1	0.202904905	0.563652215	0.23344288
0	0	0.892912807	0.041950441	0.065136752
1	1	0.287522113	0.368595476	0.343882411
0	2	0.147122732	0.335347447	0.517529821
1	1	0.142851918	0.540399432	0.31674865
0	0	0.427340241	0.223761446	0.348898313
0	0	0.925881902	0.059976132	0.014141966
0	0	0.97758835	0.006764502	0.015647148
1	1	0.065983676	0.816402406	0.117613918
2	1	0.02769397	0.616596417	0.355709613
1	1	0.184386261	0.458579102	0.357034637
2	0	0.823949853	0.02561837	0.150431777
0	0	0.812840628	0.02571913	0.161440243
2	0	0.412052828	0.274994628	0.312952544
0	0	0.606107966	0.268636223	0.125255811
1	0	0.419924763	0.250278816	0.329796421
1	1	0.182868579	0.742087936	0.075043485
1	0	0.451766664	0.411235406	0.13699793
0	0	0.596659596	0.079889686	0.323450717
2	0	0.892568014	0.045718486	0.061713501
0	0	0.457467266	0.131486651	0.411046083
0	2	0.265917268	0.298325519	0.435757213
1	2	0.3144309	0.338242921	0.34732618
0	0	0.645813254	0.149248154	0.204938592
0	0	0.734855432	0.029653311	0.235491257
1	2	0.226287104	0.117684177	0.656028719
1	2	0.196195267	0.303903562	0.499901171
2	0	0.443949331	0.278553582	0.277497087
2	0	0.567153538	0.087368085	0.345478377
0	1	0.057390811	0.91697866	0.02563053
1	1	0.059983022	0.884976904	0.055040075
1	1	0.066365178	0.817926508	0.115708314
1	2	0.372045404	0.19148623	0.436468366
0	0	0.695047303	0.157666163	0.147286535
0	1	0.283027461	0.367213685	0.349758854
1	2	0.215575026	0.381194216	0.403230758
2	0	0.90321004	0.035362613	0.061427347
2	2	0.221952983	0.117303614	0.660743403
0	0	0.468713061	0.1430209	0.388266039
1	0	0.918406947	0.026521099	0.055071954
1	1	0.189269145	0.547121036	0.263609819
0	0	0.838339197	0.026600308	0.135060495
0	2	0.109035512	0.201597599	0.68936689
2	2	0.017849715	0.004367486	0.977782799
0	0	0.611014659	0.275619406	0.113365935
1	1	0.145735018	0.657661281	0.1966037
2	2	0.355670293	0.286089346	0.358240361
1	1	0.268411371	0.520828477	0.210760152
0	2	0.375962578	0.107478369	0.516559052
1	1	0.247487069	0.523458805	0.229054126
1	1	0.203996472	0.534537935	0.261465593
0	0	0.775799183	0.079177621	0.145023196
2	2	0.138604706	0.297354801	0.564040492
2	0	0.528715834	0.107721707	0.36356246
1	0	0.472261761	0.343241201	0.184497038
2	2	0.194566678	0.305049763	0.500383559
2	2	0.172395084	0.063053832	0.764551084
0	0	0.888919579	0.055595751	0.05548467
2	0	0.521188887	0.228723196	0.250087917
0	0	0.825597602	0.061332353	0.113070045
2	2	0.151946104	0.082403333	0.765650563
0	0	0.729048292	0.029941335	0.241010373
0	0	0.896980369	0.011309397	0.091710234
0	0	0.913259896	0.041692469	0.045047636
0	0	0.724318554	0.091755854	0.183925592
0	0	0.73802882	0.134933609	0.127037571
1	0	0.581147386	0.060576341	0.358276273
2	1	0.154279091	0.528193788	0.317527122
1	0	0.497624735	0.353345471	0.149029794
1	1	0.365568183	0.434524708	0.19990711
1	0	0.705071014	0.152734104	0.142194882
0	0	0.775438664	0.071623905	0.152937431
0	0	0.959181906	0.023776097	0.017041998
2	1	0.312706558	0.387868062	0.29942538
1	1	0.362137668	0.428257409	0.209604923
0	0	0.463838299	0.164257612	0.37190409
2	2	0.167673223	0.314667644	0.517659134
1	1	0.158592112	0.660129198	0.18127869
0	1	0.288070987	0.414431182	0.297497831
1	1	0.119424044	0.495060784	0.385515173
0	0	0.751681556	0.125425602	0.122892842
0	0	0.748819661	0.192288756	0.058891583
0	0	0.80780257	0.086316233	0.105881197
2	0	0.448168185	0.217254304	0.334577511
0	1	0.189542044	0.459027843	0.351430113
1	0	0.506886583	0.330758095	0.162355322
0	0	0.669210322	0.186344739	0.144444939
1	2	0.393944389	0.100726584	0.505329027
1	1	0.339209678	0.367571713	0.293218609
2	0	0.786918969	0.098368957	0.114712074
1	1	0.154541925	0.507991856	0.33746622
1	2	0.264789439	0.161666398	0.573544163
0	0	0.959029239	0.023941697	0.017029065
2	2	0.338121519	0.162179761	0.49969872
1	1	0.367981039	0.431916125	0.200102836
1	0	0.817413269	0.053401819	0.129184912
0	2	0.408003133	0.126188252	0.465808615
2	0	0.495537782	0.211060242	0.293401976
1	0	0.727433796	0.030036791	0.242529413
0	0	0.894430857	0.039467897	0.066101246
1	1	0.414856602	0.475959574	0.109183824
1	1	0.28295523	0.368038918	0.349005851
0	1	0.085188511	0.772990363	0.141821125
1	1	0.154438087	0.735384348	0.110177564
2	1	0.209358741	0.443389779	0.34725148
1	1	0.152929021	0.691161762	0.155909217
1	2	0.107830293	0.413955563	0.478214144
2	1	0.292270006	0.495158569	0.212571426
1	1	0.028367724	0.718059206	0.25357307
2	1	0.155584704	0.523527889	0.320887407
0	2	0.345905039	0.210032921	0.44406204
0	0	0.60205172	0.02867264	0.36927564
1	0	0.444630802	0.217335943	0.338033255
1	1	0.099216739	0.819592071	0.08119119
0	0	0.4464571	0.311638329	0.241904571
2	1	0.026945453	0.949954963	0.023099583
2	0	0.455301398	0.2526385	0.292060103
2	0	0.688058378	0.054427726	0.257513897
1	1	0.214466327	0.697046931	0.088486743
1	1	0.204503929	0.680948846	0.114547225
0	0	0.448266266	0.121861774	0.429871961
1	0	0.445748562	0.346247913	0.208003526
1	0	0.486556499	0.251100443	0.262343058
2	2	0.247817555	0.187596393	0.564586052
2	0	0.700452417	0.155170799	0.144376784
0	0	0.852752889	0.013041933	0.134205178
0	0	0.892797104	0.042028979	0.065173917
1	1	0.379528221	0.500010429	0.12046135
2	0	0.490883224	0.261518824	0.247597951
2	2	0.146142453	0.029930614	0.823926932
2	2	0.321794805	0.274407462	0.403797733
2	2	0.186099604	0.154004533	0.659895862
2	1	0.035468342	0.70764357	0.256888088
1	2	0.325757341	0.188755542	0.485487117
0	0	0.542928038	0.101980007	0.355091955
1	1	0.155066224	0.531260389	0.313673387
0	0	0.863600794	0.073230399	0.063168807
0	0	0.480819682	0.421109258	0.09807106
1	1	0.090753774	0.654224166	0.255022061
0	0	0.635382119	0.248694834	0.115923047
0	0	0.531015848	0.199316072	0.269668079
1	0	0.953291258	0.032773507	0.013935234
2	2	0.13844218	0.297333013	0.564224807
0	0	0.80866017	0.048934309	0.142405521
1	2	0.282278085	0.34062859	0.377093325
2	2	0.265305072	0.304137645	0.430557284
1	1	0.08192965	0.784040713	0.134029637
1	2	0.361789091	0.104549581	0.533661328
0	0	0.657973481	0.0453434	0.296683119
0	0	0.602237968	0.125067384	0.272694648
0	0	0.81180636	0.076812074	0.111381566
0	2	0.35549482	0.176251276	0.468253904
2	2	0.161186204	0.17721439	0.661599405
2	0	0.986151766	0.004187108	0.009661127
0	0	0.937663724	0.033115167	0.02922111
0	0	0.484265874	0.263152597	0.252581529
1	0	0.726629854	0.141658213	0.131711932
1	0	0.534123334	0.052637394	0.413239272
2	1	0.442338091	0.486177849	0.071484061
1	1	0.105745463	0.79786141	0.096393128
1	0	0.899998445	0.062645574	0.037355981
1	1	0.216593297	0.446090295	0.337316408
1	0	0.516712421	0.327532234	0.155755345
1	0	0.345613222	0.334226963	0.320159815
1	0	0.688522176	0.198809589	0.112668235
0	1	0.146398897	0.724611079	0.128990024
1	0	0.693068377	0.21456842	0.092363203
1	1	0.319545818	0.491027762	0.189426421
1	0	0.699680144	0.270459751	0.029860105
1	1	0.237334593	0.46603975	0.296625657
1	0	0.447121792	0.151810195	0.401068013
1	1	0.155401772	0.442975225	0.401623002
0	0	0.93925948	0.018419166	0.042321354
2	0	0.563953316	0.140368551	0.295678133
0	1	0.076090565	0.650293813	0.273615622
0	0	0.740483536	0.035481215	0.224035249
1	1	0.112830646	0.719450686	0.167718669
0	0	0.78617746	0.024532102	0.189290438
0	0	0.918654183	0.026380095	0.054965722
1	0	0.559048197	0.351228037	0.089723766
2	2	0.176460524	0.255723605	0.56781587
1	1	0.172925963	0.594882285	0.232191752
2	1	0.267353908	0.403377674	0.329268418
1	1	0.055638844	0.858409792	0.085951364
1	0	0.805915566	0.142035778	0.052048656
1	0	0.840607042	0.095185184	0.064207774
0	2	0.268857423	0.164923415	0.566219162
2	1	0.143211182	0.607298443	0.249490375
2	2	0.228410692	0.133265755	0.638323553
0	0	0.717306395	0.15960517	0.123088435
1	2	0.160740526	0.177308548	0.661950926
2	2	0.143747235	0.42042094	0.435831825
0	0	0.810913713	0.077012031	0.112074256
2	0	0.566895947	0.067564032	0.365540021
2	0	0.416248309	0.172756308	0.410995382
1	1	0.154013606	0.735051782	0.110934612
1	1	0.39957784	0.485562781	0.114859379
2	2	0.09494367	0.078900201	0.826156129
1	1	0.360559698	0.442153692	0.197286609
2	2	0.172096073	0.062768471	0.765135456
1	1	0.198330805	0.686864041	0.114805153
1	1	0.153317831	0.532675857	0.314006313
0	0	0.602675311	0.24997942	0.147345268
2	1	0.011575108	0.903211645	0.085213247
0	0	0.554325577	0.092291514	0.353382909
2	0	0.723140553	0.104272077	0.172587371
1	2	0.256699302	0.17451407	0.568786628
1	2	0.237329413	0.082224154	0.680446433
1	1	0.031974666	0.89242627	0.075599064
2	2	0.212399989	0.255052967	0.532547044
1	1	0.095272999	0.806050539	0.098676463
1	0	0.450476343	0.41476229	0.134761367
1	0	0.520586888	0.3247179	0.154695212
0	0	0.918655583	0.026290595	0.055053821
1	1	0.252647026	0.445453721	0.301899253
1	1	0.101511016	0.854287104	0.04420188
0	0	0.987853841	0.002877537	0.009268622
1	1	0.193504836	0.545499836	0.260995328
0	0	0.873619438	0.062523648	0.063856914
0	0	0.774681805	0.131256362	0.094061834
1	1	0.313746743	0.598415968	0.087837289
1	0	0.64964392	0.075423915	0.274932166
0	0	0.925946884	0.0599144	0.014138716
2	0	0.401331369	0.232685427	0.365983204
2	0	0.776557023	0.052168042	0.171274936
2	0	0.49263461	0.112333008	0.395032383
0	1	0.312565962	0.571986578	0.115447459
1	0	0.412641639	0.275084828	0.312273534
2	2	0.169506046	0.357733607	0.472760347
2	2	0.156681477	0.270187168	0.573131356
1	1	0.057675238	0.796102483	0.146222279
1	1	0.241574392	0.530053246	0.228372362
0	2	0.172369744	0.062579756	0.7650505
1	1	0.036701296	0.92649818	0.036800524
0	0	0.743174814	0.051163751	0.205661435
2	1	0.317961837	0.491484973	0.19055319
1	1	0.191840545	0.528194472	0.279964983
2	1	0.351040053	0.434719209	0.214240738
0	0	0.411566098	0.282469233	0.305964669
0	0	0.407976312	0.230398199	0.361625488
1	0	0.81818419	0.064896097	0.116919713
1	1	0.11273808	0.697405661	0.189856259
2	2	0.044676015	0.421675805	0.53364818
2	2	0.375698344	0.110474701	0.513826955
1	1	0.047639613	0.85916813	0.093192256
2	1	0.100663376	0.633260608	0.266076016
1	2	0.106876154	0.118969924	0.774153923
0	0	0.499797153	0.169406698	0.330796149
2	0	0.502395708	0.167869698	0.329734594
2	0	0.488079773	0.233709493	0.278210734
0	0	0.831621698	0.076874763	0.091503539
1	1	0.038889774	0.870729473	0.090380753
1	1	0.308537124	0.455247931	0.236214945
0	1	0.054990134	0.908008539	0.037001327
1	1	0.219044773	0.635731404	0.145223822
2	0	0.825050871	0.066449685	0.108499444
1	2	0.265202445	0.301989872	0.432807683
0	0	0.888277831	0.037542911	0.074179258
2	2	0.211205294	0.25562988	0.533164826
1	1	0.312682442	0.589979689	0.097337869
1	1	0.063412993	0.843254471	0.093332536
2	0	0.480886958	0.362068068	0.157044975
1	1	0.252937657	0.596896089	0.150166254
1	1	0.360767677	0.429247723	0.2099846
2	1	0.288397954	0.470615452	0.240986595
1	1	0.364113509	0.426608042	0.209278449
0	0	0.744793428	0.126812156	0.128394416
1	1	0.003537402	0.95612869	0.040333908
1	1	0.062137093	0.819867806	0.117995102
2	0	0.508239581	0.169212099	0.32254832
2	1	0.456596137	0.507958258	0.035445605
1	1	0.06358157	0.733130441	0.203287989
1	2	0.194312266	0.305108205	0.500579529
0	0	0.922260222	0.011483686	0.066256092
1	0	0.475740711	0.268720816	0.255538474
2	2	0.183093219	0.400652879	0.416253902
1	1	0.109948882	0.808043221	0.082007897
2	2	0.044174839	0.421472854	0.534352307
0	0	0.492548535	0.373752197	0.133699267
1	1	0.18858301	0.455200636	0.356216354
1	0	0.441741992	0.148967176	0.409290832
0	0	0.667871807	0.096843498	0.235284695
2	2	0.369746513	0.189221383	0.441032104
1	2	0.161923656	0.177491899	0.660584445
2	0	0.527918591	0.311139725	0.160941684
1	1	0.363627228	0.437348011	0.199024761
0	0	0.966655794	0.015967294	0.017376913
0	0	0.824863371	0.064104705	0.111031924
1	0	0.859176244	0.076406982	0.064416775
0	0	0.665943158	0.107157993	0.226898849
1	1	0.127423503	0.650678854	0.221897643
0	0	0.717277461	0.159774387	0.122948152
0	0	0.772373051	0.086173927	0.141453022
1	2	0.165043853	0.39485208	0.440104067
1	0	0.650877965	0.147292759	0.201829275
1	1	0.156182543	0.551270419	0.292547038
0	0	0.892329811	0.042171128	0.065499061
1	1	0.207372365	0.593724878	0.198902756
2	1	0.075909428	0.787561048	0.136529525
1	1	0.147519311	0.65658955	0.195891139
1	0	0.529736763	0.180292442	0.289970795
1	1	0.146096955	0.703642542	0.150260503
2	0	0.397156845	0.295725388	0.307117767
1	1	0.106056025	0.797807625	0.09613635
1	1	0.100228648	0.633622949	0.266148403
0	0	0.553440251	0.268796288	0.177763461
1	0	0.655600775	0.321871381	0.022527843
2	0	0.857866992	0.063895508	0.0782375
2	2	0.181934481	0.399912841	0.418152679
0	0	0.782546581	0.107829734	0.109623684
2	1	0.182011541	0.507182094	0.310806365
1	1	0.381508735	0.445293559	0.173197705
1	1	0.06001768	0.840115332	0.099866988
1	0	0.48543688	0.258979594	0.255583526
0	0	0.798456795	0.052403892	0.149139313
0	0	0.884106421	0.049753332	0.066140247
1	0	0.471086743	0.114840274	0.414072983
0	0	0.841310612	0.096289659	0.062399729
1	2	0.193181568	0.3066572	0.500161232
0	2	0.20692517	0.266255728	0.526819102
1	1	0.239457815	0.532443752	0.228098434
2	0	0.786562606	0.098363748	0.115073646
1	0	0.858337394	0.060715393	0.080947213
0	0	0.41917219	0.190658103	0.390169707
1	0	0.414648603	0.262810022	0.322541375
0	0	0.776400569	0.084780756	0.138818675
2	0	0.913084753	0.041236703	0.045678545
0	2	0.424926396	0.087804782	0.487268822
1	0	0.538569084	0.307143719	0.154287197
1	2	0.161278012	0.177208971	0.661513017
0	0	0.945292041	0.026517209	0.02819075
1	1	0.242173767	0.529458884	0.228367349
1	1	0.079439302	0.674447094	0.246113604
1	1	0.207364017	0.447141807	0.345494176
1	2	0.231335784	0.134460472	0.634203744
1	1	0.240774185	0.530308813	0.228917002
1	1	0.036701296	0.92649818	0.036800524
0	0	0.861274049	0.025485579	0.113240372
1	0	0.567736062	0.218909112	0.213354826
0	1	0.278671164	0.601563719	0.119765117
0	1	0.28172695	0.598746522	0.119526528
1	1	0.329074574	0.630607975	0.040317451
1	1	0.040166263	0.839853454	0.119980283
