0	0	0.529234548	0.417937422	0.013570953	0.039257076
0	0	0.993312253	0.003094867	0.000326295	0.003266585
0	0	0.996472935	0.000741502	0.000465205	0.002320359
0	0	0.970592404	0.006244535	0.0003255	0.022837561
0	0	0.859924269	0.037104725	0.040372317	0.062598688
0	0	0.811925336	0.034257598	0.005090665	0.148726401
0	0	0.986070244	0.011087603	0.00168342	0.001158733
0	1	0.178740543	0.338571492	0.167542202	0.315145763
0	0	0.767864036	0.090261651	0.011499605	0.130374709
0	2	0.249893088	0.114552494	0.341597512	0.293956906
2	2	0.002993782	0.144841127	0.842638018	0.009527072
0	0	0.841960441	0.06970228	0.060300056	0.028037223
0	1	0.16287078	0.816851344	0.007476443	0.012801433
0	0	0.989725775	0.005715192	0.002159611	0.002399422
0	0	0.991274539	0.005573323	0.000400513	0.002751625
0	0	0.497695736	0.104051807	0.029624121	0.368628336
0	0	0.920507541	0.052129197	0.001515469	0.025847792
2	2	0.000108419	0.065578651	0.929503155	0.004809775
2	1	0.001285788	0.922946961	0.074818993	0.000948258
2	2	0.000599716	0.029154276	0.969326575	0.000919433
0	0	0.970634049	0.006879524	0.000807308	0.021679119
2	2	0.012845731	0.116969303	0.795691491	0.074493475
0	0	0.98897978	0.006727973	0.000480934	0.003811314
0	2	0.164782399	0.253186358	0.310948036	0.271083207
2	2	0.005422861	0.212262477	0.780569366	0.001745295
0	3	0.19703951	0.295215107	0.198602287	0.309143097
0	3	0.445214181	0.024499568	0.08158582	0.448700431
0	0	0.54282337	0.447145472	0.004129201	0.005901957
2	0	0.450874162	0.15898157	0.33248285	0.057661418
2	2	0.005150231	0.029205047	0.957898219	0.007746503
0	0	0.964964494	0.018870339	0.00199709	0.014168077
2	2	0.32738668	0.031007899	0.599108059	0.042497361
0	0	0.982674769	0.011817461	0.000770418	0.004737351
2	2	0.120114003	0.061260871	0.707290389	0.111334737
2	1	0.007280938	0.743790739	0.232074799	0.016853523
0	0	0.994137599	0.000857594	0.000590832	0.004413975
2	1	0.206120476	0.465615801	0.264743341	0.063520382
2	1	0.001471599	0.624998584	0.359297014	0.014232803
2	2	0.254349059	0.182967323	0.379368327	0.183315291
0	1	0.317137501	0.679960995	0.000974175	0.00192733
0	0	0.396784548	0.201178673	0.193483731	0.208553048
0	2	0.161248014	0.219125284	0.537723045	0.081903657
2	2	0.070923736	0.157970002	0.59176237	0.179343893
2	2	0.021000026	0.067709309	0.87421267	0.037077995
0	0	0.66552611	0.209239153	0.086459653	0.038775084
2	2	0.039570574	0.268133704	0.585043235	0.107252487
2	2	0.013745045	0.003833117	0.981202048	0.00121979
0	0	0.907926804	0.001940147	0.008432251	0.081700798
0	0	0.486635227	0.126104991	0.129013213	0.258246569
0	0	0.554981848	0.040054275	0.351192817	0.05377106
2	2	0.010799858	0.29100284	0.435255419	0.262941882
0	0	0.893065766	0.080830973	0.00467608	0.02142718
2	3	0.137121168	0.03960142	0.276487324	0.546790087
2	2	0.000302771	0.001783758	0.997669956	0.000243515
2	0	0.410813288	0.128231705	0.15994641	0.301008596
0	0	0.96349185	0.021945542	0.001007492	0.013555116
0	0	0.724004687	0.043654129	0.072305331	0.160035852
0	2	0.236342428	0.072260794	0.57540936	0.115987418
0	3	0.242993884	0.169938443	0.121928679	0.465138994
2	2	0.349598652	0.221713451	0.382598367	0.046089529
2	2	0.038283585	0.06733103	0.865511972	0.028873413
2	3	0.013073435	0.1361398	0.125271364	0.725515401
0	0	0.996508961	0.002586895	0.000455508	0.000448637
0	0	0.989468745	0.001326002	0.001560128	0.007645125
2	2	0.203194573	0.158660073	0.437975954	0.2001694
2	2	4.93452E-05	0.026979706	0.97202835	0.000942598
0	0	0.916074338	0.073958011	0.001705396	0.008262255
2	2	0.006881519	0.0120124	0.977442505	0.003663575
0	0	0.997319255	0.001251535	7.18102E-05	0.0013574
2	2	0.021047731	0.274621221	0.574323467	0.130007582
0	2	0.094916583	0.170493714	0.728216524	0.006373179
0	0	0.99491281	0.002439407	0.000184106	0.002463677
0	0	0.989472031	0.003405772	0.005704022	0.001418176
2	2	0.013509879	0.109543442	0.864819838	0.01212684
0	0	0.645043099	0.161954776	0.065412746	0.127589379
0	0	0.755041907	0.12907237	0.06902531	0.046860413
0	0	0.987448468	0.007667758	0.002685386	0.002198388
0	0	0.976219443	0.015292881	0.001524837	0.00696284
0	0	0.544479658	0.384533374	0.015561977	0.05542499
0	0	0.990220932	0.004989462	0.002836095	0.001953511
2	1	0.076150906	0.394578053	0.334326137	0.194944904
2	2	0.011822558	0.085149571	0.901814977	0.001212894
0	1	0.167052315	0.724735692	0.094765652	0.013446341
0	0	0.913701428	0.023793296	0.011750595	0.050754681
2	0	0.415708857	0.100693893	0.262194122	0.221403129
0	0	0.872539519	0.014075109	0.099485106	0.013900266
0	0	0.673762201	0.138528659	0.071849757	0.115859382
0	0	0.978649728	0.013294811	0.005224054	0.002831407
0	3	0.109709465	0.067500543	0.011491822	0.81129817
2	2	0.30739083	0.175268661	0.44222553	0.07511498
0	0	0.985300118	0.008319035	0.000730334	0.005650513
2	1	0.002039994	0.84256182	0.138081907	0.017316279
2	2	0.008994142	0.19218789	0.783580255	0.015237713
0	0	0.972133207	0.01118186	0.000501422	0.01618351
0	0	0.988965276	0.002481986	0.003116652	0.005436085
2	2	0.008293303	0.140210978	0.830849169	0.020646551
0	0	0.738922245	0.047346491	0.155600636	0.058130629
0	0	0.73207757	0.162063215	0.060086577	0.045772637
0	0	0.50692259	0.449060808	0.009061714	0.034954888
2	2	0.001570413	0.014960874	0.977539222	0.005929491
0	0	0.973486033	0.0138389	0.010431014	0.002244053
2	2	0.026560891	0.153782593	0.720496004	0.099160512
2	3	0.014618855	0.293862543	0.162294424	0.529224178
0	0	0.950515673	0.042436322	0.000448433	0.006599571
2	2	0.00061593	0.029751436	0.968721735	0.0009109
2	1	0.00436503	0.573882695	0.270866211	0.150886064
0	1	0.322701174	0.666891082	0.003688156	0.006719587
0	0	0.77388332	0.069743283	0.009566057	0.14680734
0	0	0.970191925	0.005387028	0.00562035	0.018800696
2	2	0.000192829	0.156655707	0.826459115	0.016692349
2	2	0.002627245	0.003032647	0.993799826	0.000540282
2	2	0.006595988	0.035338096	0.956577278	0.001488638
2	2	0.001185709	0.01430402	0.982441323	0.002068949
0	3	0.311561927	0.096659851	0.236110076	0.355668146
2	2	2.71547E-06	0.001930174	0.998056856	1.0254E-05
0	0	0.842038835	0.113219242	0.031413136	0.013328787
0	1	0.310894528	0.65901989	0.007873114	0.022212467
0	0	0.774627696	0.037904981	0.094394473	0.09307285
0	0	0.846663301	0.060237983	0.013880752	0.079217964
0	0	0.963071509	0.024535662	0.008620367	0.003772461
2	1	0.022147875	0.846272618	0.13109753	0.000481977
2	2	0.109754291	0.24533979	0.577982822	0.066923097
0	0	0.998152907	0.000464175	0.001035523	0.000347395
2	1	0.444676499	0.544488623	0.001180156	0.009654721
0	0	0.997280894	0.001978487	0.000194472	0.000546147
2	2	0.170140893	0.166738526	0.549345119	0.113775462
2	1	0.003804782	0.541508465	0.45050028	0.004186473
2	2	0.023610586	0.030041962	0.944065126	0.002282326
0	0	0.409351362	0.216886433	0.175225526	0.198536679
0	0	0.83417235	0.051523604	0.086612144	0.027691902
2	2	0.003168109	0.066064718	0.92014828	0.010618894
0	1	0.022276446	0.959420894	0.012182858	0.006119803
0	0	0.416692803	0.152330007	0.302036921	0.128940269
0	2	0.245361805	0.218947917	0.29845939	0.237230888
2	2	0.003209186	0.102116809	0.890619546	0.004054459
0	0	0.88097222	0.088334089	0.002535843	0.028157848
2	1	0.001808946	0.590898445	0.170177867	0.237114742
2	2	0.019466048	0.090901073	0.861583352	0.028049528
0	1	0.467959729	0.483224932	0.013761602	0.035053738
2	2	0.031794519	0.083821868	0.854566159	0.029817454
2	2	0.019144199	0.289860493	0.489654357	0.201340952
0	0	0.93618829	0.015962091	0.014246576	0.033603043
2	1	0.001852626	0.587810262	0.270076219	0.140260893
2	0	0.813906348	0.024673883	0.069570826	0.091848943
2	2	0.036910787	0.332621041	0.445681169	0.184787003
2	2	0.001968125	0.082655484	0.858151946	0.057224446
2	1	0.003384867	0.639837774	0.341045079	0.01573228
0	0	0.649016369	0.198712278	0.09875657	0.053514783
0	0	0.99274166	0.002190151	0.001450735	0.003617454
2	3	0.173688429	0.169230731	0.199449896	0.457630943
2	2	0.00068456	0.005182671	0.993983422	0.000149348
0	0	0.834543401	0.046149436	0.058404022	0.060903141
2	2	5.29112E-05	0.006201928	0.993625314	0.000119847
0	0	0.649338748	0.244999099	0.042319778	0.063342375
2	2	0.001913395	0.031597537	0.95697683	0.009512238
0	1	0.383523772	0.491028222	0.108397129	0.017050876
0	0	0.638694535	0.036054306	0.215772865	0.109478294
0	1	0.039845313	0.937957628	0.016708286	0.005488773
0	0	0.997954421	0.001374524	0.00013611	0.000534944
0	1	0.221153986	0.581877083	0.12645155	0.070517382
2	0	0.376803726	0.202638668	0.335534382	0.085023223
2	2	0.001003578	0.238930309	0.748126377	0.011939735
2	2	0.013584605	0.067968009	0.912453517	0.005993869
2	2	0.006458185	0.069196361	0.923941055	0.0004044
0	3	0.19624541	0.388839229	0.009275402	0.405639959
2	2	0.035412	0.282350931	0.670115933	0.012121136
0	0	0.853091209	0.093800151	0.034641988	0.018466651
2	2	0.252484471	0.145190946	0.531205922	0.07111866
2	2	0.16990059	0.095565655	0.538298641	0.196235114
2	2	0.00569261	0.009768559	0.754057719	0.230481112
2	2	0.002009349	0.123335792	0.674796153	0.199858707
2	2	0.017786084	0.046100157	0.93114626	0.004967498
0	0	0.828957226	0.00150662	0.001215881	0.168320274
2	2	0.000530983	0.014793307	0.981885618	0.002790093
0	0	0.990424451	0.005928277	0.000428714	0.003218559
2	2	0.027614065	0.045705802	0.913172902	0.013507232
0	0	0.988946577	0.004268832	0.000532347	0.006252243
2	2	0.002097748	0.007437719	0.989168039	0.001296495
2	1	0.006625572	0.66231194	0.326306347	0.004756141
2	2	0.111286915	0.11412698	0.673313931	0.101272174
0	0	0.999765466	8.8162E-05	5.94702E-05	8.69016E-05
0	0	0.860079357	0.101243111	0.006395053	0.03228248
0	0	0.984316819	0.010624342	0.001346553	0.003712286
0	0	0.914704465	0.007611049	0.008939691	0.068744795
0	0	0.868616256	0.076241157	0.01702021	0.038122377
2	2	0.002772401	0.006094056	0.989118151	0.002015392
2	2	0.001633733	0.010317768	0.9876886	0.000359899
2	2	0.00712796	0.016969628	0.969640252	0.00626216
0	0	0.694602726	0.013529061	0.002864346	0.289003866
2	2	0.031377903	0.141826421	0.818115828	0.008679847
2	2	0.001248974	0.154334548	0.842541264	0.001875214
0	0	0.880981468	0.087272603	0.001527965	0.030217964
2	2	0.245361805	0.218947917	0.29845939	0.237230888
2	2	0.002031284	0.168219276	0.826804559	0.002944881
2	2	0.053010299	0.046459744	0.878473922	0.022056034
0	0	0.650946009	0.243113085	0.042505212	0.063435694
2	2	0.001279909	0.22229131	0.77192603	0.004502752
0	0	0.802521608	0.058349966	0.018687573	0.120440852
0	0	0.368676871	0.321700366	0.032427946	0.277194818
2	2	0.194428108	0.107572224	0.527665454	0.170334214
0	0	0.645043099	0.161954776	0.065412746	0.127589379
0	0	0.379454157	0.322897131	0.153904733	0.143743979
2	2	0.000128453	0.010689952	0.988811982	0.000369614
0	0	0.816309234	0.043115961	0.066253828	0.074320977
0	0	0.554018703	0.424579151	0.003503976	0.01789817
0	0	0.584793435	0.016457128	0.024411606	0.374337831
0	0	0.762785176	0.126922472	0.042096998	0.068195354
0	1	0.145210636	0.760963469	0.004954941	0.088870953
0	0	0.537215509	0.029461942	0.113329481	0.319993068
0	0	0.955904322	0.0248202	0.001374456	0.017901022
0	0	0.965391677	0.008927478	0.002659223	0.023021623
0	3	0.315673023	0.134842434	0.089631511	0.459853032
2	2	1.23475E-05	0.000440519	0.999543652	3.48147E-06
2	0	0.570117789	0.089572019	0.274442835	0.065867358
2	3	0.23712424	0.227872035	0.253911104	0.28109262
2	2	0.001814701	0.009004467	0.98537353	0.003807302
0	0	0.923558641	0.040082278	0.002011407	0.034347674
2	0	0.397802202	0.222194895	0.089429884	0.290573019
0	0	0.892702416	0.023659229	0.00262992	0.081008435
0	0	0.939913665	0.045281023	0.004865104	0.009940209
0	0	0.556594634	0.097586309	0.043695154	0.302123903
2	2	0.020289632	0.142638006	0.721844683	0.11522768
2	1	0.008505374	0.877694203	0.105963876	0.007836547
2	2	0.10217482	0.094356981	0.782962861	0.020505338
0	0	0.782494274	0.065955918	0.009725843	0.141823965
3	3	0.153478033	0.04580336	0.019185551	0.781533056
2	2	0.152561631	0.168269801	0.641794816	0.037373752
3	1	0.005679286	0.835663042	0.135290656	0.023367016
0	0	0.798005095	0.046233978	0.095594471	0.060166456
2	2	0.000660602	0.05377967	0.942461918	0.00309781
3	3	0.301498461	0.049228115	0.195696485	0.453576939
3	3	0.020383093	0.011776497	0.004501028	0.963339382
2	2	0.125873329	0.123652607	0.670333987	0.080140078
3	1	0.233416963	0.696540818	0.007419609	0.06262261
3	0	0.98165991	0.008364068	0.000892655	0.009083367
0	0	0.999380267	0.000330958	3.80915E-05	0.000250683
3	3	0.047668336	0.168960904	0.268988157	0.514382603
2	2	0.067647658	0.326788355	0.447829567	0.15773442
2	2	0.018738846	0.102125115	0.86393599	0.015200049
2	2	0.049903807	0.020131732	0.887933888	0.042030573
2	2	0.001225864	0.169414047	0.810333343	0.019026746
3	2	0.309227992	0.179572467	0.323849481	0.18735006
0	0	0.912356305	0.008635923	0.050629307	0.028378465
0	0	0.829149678	0.138296605	0.002008726	0.03054499
3	3	0.023699835	0.12525706	0.177623848	0.673419257
0	3	0.25503441	0.279610755	0.126355388	0.338999447
0	1	0.27091448	0.711733255	0.002938218	0.014414047
0	2	0.245361805	0.218947917	0.29845939	0.237230888
3	1	4.17292E-05	0.999391481	0.000246732	0.000320058
0	0	0.705047283	0.043058724	0.033223746	0.218670246
2	2	0.209076012	0.113283993	0.507044048	0.170595947
2	2	0.082960952	0.068673956	0.757989879	0.090375213
3	3	0.116611501	0.129456886	0.111636483	0.64229513
0	0	0.507968363	0.448235681	0.005154753	0.038641204
3	3	0.001720332	0.002551337	0.002344137	0.993384193
0	0	0.955800006	0.024619743	0.00143972	0.018140531
3	3	0.234909878	0.089675889	0.015109171	0.660305061
3	3	0.001137222	0.004595091	0.28126256	0.713005127
0	1	0.090716101	0.819205416	0.025283067	0.064795416
2	2	0.092220101	0.059565593	0.778974349	0.069239958
2	3	0.124038567	0.031979419	0.278548598	0.565433415
2	1	0.001731112	0.777406839	0.219348944	0.001513105
2	1	0.253467707	0.465464777	0.175131379	0.105936137
3	3	0.002342877	0.000360443	0.001562958	0.995733722
0	3	0.151143384	0.119812612	0.310731424	0.41831258
2	2	0.04177335	0.420884553	0.509005375	0.028336722
2	2	0.013206171	0.062089955	0.882081292	0.042622583
2	2	0.16066019	0.162697316	0.455680322	0.220962171
0	0	0.943353193	0.014455005	0.003561354	0.038630447
3	3	0.002846195	0.002888921	0.00091483	0.993350053
2	2	0.101729057	0.109454941	0.739011122	0.04980488
2	2	0.033778068	0.02921586	0.924092076	0.012913996
2	2	0.000208233	0.00516499	0.993866822	0.000759954
2	1	0.001320917	0.478964223	0.122599863	0.397114997
3	2	0.000100796	0.07925323	0.609566576	0.311079397
0	3	0.248508593	0.105475365	0.057868745	0.588147297
3	3	0.016930328	0.232317866	0.200318088	0.550433718
2	2	0.067647658	0.326788355	0.447829567	0.15773442
0	0	0.904934859	0.076093509	0.013851077	0.005120556
0	0	0.967859575	0.022839398	0.002778988	0.006522039
3	3	0.00457444	0.009405403	0.008729292	0.977290864
2	2	0.02327815	0.142282588	0.833067886	0.001371377
0	0	0.625877134	0.00809587	0.285018497	0.081008499
3	3	0.012446518	0.013948066	0.002300073	0.971305343
3	3	0.024915575	0.045910466	0.045672351	0.883501608
3	3	0.014953069	0.190512256	0.17497035	0.619564325
3	3	0.010975763	0.050228844	0.027297345	0.911498048
2	2	0.004793304	0.01351662	0.975080496	0.006609579
2	2	0.000192423	0.163667741	0.818144036	0.0179958
0	0	0.552164698	0.404093532	0.004932995	0.038808774
2	2	0.074874378	0.074389273	0.781028583	0.069707767
3	2	0.010951505	0.021921698	0.580957097	0.3861697
2	2	0.014768143	0.101816518	0.879516525	0.003898814
0	2	0.124315457	0.043581047	0.811368512	0.020734984
2	2	0.226173985	0.27478928	0.342716834	0.1563199
2	0	0.987450591	0.010527875	0.000579973	0.001441561
0	0	0.99274166	0.002190151	0.001450735	0.003617454
2	2	0.006501441	0.19930252	0.753872964	0.040323074
0	0	0.677844981	0.103153546	0.148698181	0.070303292
0	0	0.980064734	0.010469001	0.001960145	0.00750612
0	0	0.909969775	0.03228528	0.001235297	0.056509648
2	3	0.012893948	0.092708303	0.306849695	0.587548054
2	2	0.050122616	0.058333254	0.858831138	0.032712992
3	3	0.00226997	0.001857008	0.000849138	0.995023883
0	0	0.941449295	0.012934789	0.004259793	0.041356123
2	2	0.000364648	0.003563982	0.995533061	0.000538309
0	0	0.438140186	0.218293158	0.055486454	0.288080202
2	0	0.381794891	0.034332195	0.220916219	0.362956695
2	2	0.245361805	0.218947917	0.29845939	0.237230888
3	3	0.000577394	0.009239339	0.002985509	0.987197757
2	3	0.137837049	0.038782619	0.271367009	0.552013323
3	3	1.26353E-05	0.001512615	0.000787132	0.997687618
0	0	0.989274287	0.005086915	0.000247578	0.00539122
3	1	0.002820919	0.75201978	0.098697797	0.146461505
2	1	0.237089849	0.448513678	0.221215907	0.093180566
0	0	0.962840446	0.01725648	0.000979893	0.018923182
0	0	0.434349545	0.303126319	0.205706339	0.056817797
3	3	0.023871773	0.013086703	0.004898832	0.958142692
0	0	0.446635099	0.241131379	0.193338382	0.11889514
3	3	4.68026E-05	0.002408451	0.001508301	0.996036445
0	0	0.95768933	0.008415064	0.010575325	0.023320282
2	2	0.075200618	0.138914614	0.680453478	0.105431289
0	0	0.738194456	0.235616923	0.005383331	0.02080529
0	0	0.931299328	0.036110394	0.015069619	0.01752066
3	3	0.005088886	0.008267721	0.001527846	0.985115547
2	2	0.000271971	0.00069924	0.997886379	0.001142409
2	2	0.000493051	0.067752272	0.927746012	0.004008664
3	3	0.001647318	0.002533111	0.001311339	0.994508232
0	0	0.601944128	0.02355798	0.329430244	0.045067647
2	2	0.141232358	0.168528767	0.541155388	0.149083487
3	1	0.002534729	0.433237706	0.14835181	0.415875755
3	2	0.016893812	0.14637143	0.640178747	0.19655601
3	3	0.016130086	0.059494642	0.035740563	0.888634709
2	1	0.035036924	0.733188232	0.231458934	0.00031591
3	2	0.063719653	0.284232635	0.428886811	0.223160901
2	2	0.004978467	0.003832135	0.962873537	0.02831586
2	1	0.050887026	0.716807977	0.221496766	0.010808231
3	3	0.203519809	0.005705116	0.022411256	0.768363818
0	0	0.720675953	0.117929808	0.047884392	0.113509848
3	3	0.015374417	0.098366953	0.424794236	0.461464395
0	0	0.575627798	0.001641255	0.000918293	0.421812654
3	3	0.00111436	0.000113731	0.001543234	0.997228675
0	0	0.997454792	0.001052751	0.000213805	0.001278653
0	0	0.900839531	0.033613479	0.01227945	0.05326754
3	3	0.005925171	0.287409939	0.046090624	0.660574265
3	3	0.364074521	0.232190597	0.019920684	0.383814198
2	2	0.079248357	0.12081817	0.67195185	0.127981623
3	3	0.003816891	0.006805535	0.00615421	0.983223364
0	0	0.977588158	0.01234793	0.000644351	0.009419561
0	0	0.977423619	0.016159695	0.004083768	0.002332919
3	3	0.001835492	0.001953089	0.012716652	0.983494767
3	3	0.004157698	0.0065134	0.004407738	0.984921164
3	3	0.002682831	0.216864436	0.042874294	0.737578439
3	0	0.451792068	0.031225093	0.072895146	0.444087692
3	3	0.002663152	5.58163E-05	0.005293663	0.991987369
3	3	0.111624674	0.114393255	0.276508654	0.497473416
0	0	0.975975063	0.006545888	0.001494269	0.01598478
0	0	0.9966774	0.001387255	9.21007E-05	0.001843244
2	2	0.008390569	0.011593079	0.664216603	0.315799749
3	3	0.005138336	0.004915185	0.016026272	0.973920207
2	2	0.000772547	0.002940376	0.993503497	0.002783579
0	0	0.865618772	0.076618962	0.021173377	0.036588888
3	2	0.159501671	0.238496444	0.330449682	0.271552203
0	1	0.187028081	0.675571346	0.01157976	0.125820812
2	2	0.000346362	0.022234156	0.975772689	0.001646793
3	1	0.030010107	0.598803938	0.034101256	0.337084698
3	3	0.167808133	0.174063689	0.134426995	0.523701183
3	1	0.013222517	0.498060329	0.115887653	0.372829501
3	1	0.136632126	0.461643111	0.00382819	0.397896573
0	0	0.867851287	0.075961024	0.029568818	0.02661887
3	3	0.002288889	0.001842395	0.000845156	0.99502356
0	0	0.930414642	0.021702562	0.029941047	0.017941749
0	1	0.033500548	0.486123055	0.274585254	0.205791144
2	2	0.007716011	0.017608778	0.967966562	0.006708649
3	2	0.000404671	0.068314217	0.930682226	0.000598887
3	3	0.006234193	0.002304006	0.005567517	0.985894285
2	2	0.00021309	0.000676016	0.998506627	0.000604267
2	2	0.025725841	0.241047971	0.732084514	0.001141674
3	3	0.281635393	0.013667398	0.059140342	0.645556866
3	0	0.615156254	0.119268387	0.005472723	0.260102636
2	2	0.197635281	0.154674563	0.522551382	0.125138774
2	2	2.64185E-06	0.001917696	0.998070859	8.80377E-06
3	3	0.053180562	0.009220165	0.013801716	0.923797557
0	2	0.245361805	0.218947917	0.29845939	0.237230888
2	2	0.047552816	0.062460916	0.706371297	0.183614971
2	2	0.09164966	0.083452138	0.614232344	0.210665858
3	3	0.089531923	0.205695156	0.069664805	0.635108116
0	0	0.942385026	0.029277343	0.009923582	0.018414049
0	0	0.999553657	0.00042173	8.30825E-07	2.37828E-05
3	3	0.000156205	0.002228693	0.000151907	0.997463195
3	3	0.00385882	0.222529864	0.115245117	0.6583662
0	0	0.578809915	0.076936017	0.260492514	0.083761554
0	0	0.987399648	0.003665171	0.003469029	0.005466152
0	0	0.99753229	0.001008218	0.000209441	0.001250051
2	2	0.00218952	0.011008662	0.983563732	0.003238086
2	2	0.000755774	0.009504708	0.989289701	0.000449818
0	0	0.93318362	0.024273907	0.021212741	0.021329732
3	3	0.023176201	0.402311208	0.058863779	0.515648812
3	2	0.043145579	0.204032637	0.65936679	0.093454993
3	0	0.753991499	0.060927284	0.008234899	0.176846318
2	2	0.000272745	0.006635824	0.993051893	3.9537E-05
2	2	0.043297968	0.091854492	0.852442464	0.012405076
3	0	0.48855521	0.071083304	0.329492135	0.11086935
2	2	0.000855875	0.002826303	0.994230943	0.002086879
0	0	0.998461169	0.001249215	2.55841E-05	0.000264032
2	2	0.016319798	0.051510154	0.893976028	0.03819402
0	0	0.774723221	0.046131953	0.052889553	0.126255273
0	0	0.974478764	0.013410027	0.00997421	0.002136999
2	2	7.29729E-07	0.0018966	0.998009696	9.29738E-05
0	0	0.996966482	0.00200094	0.000251658	0.00078092
3	1	0.004275129	0.660445243	0.106784653	0.228494975
2	2	0.077168351	0.129436371	0.781089247	0.01230603
2	2	0.018793633	0.177029807	0.796413178	0.007763382
0	0	0.95633872	0.008401516	0.00076829	0.034491474
0	0	0.85673278	0.024454789	0.053555905	0.065256526
0	0	0.496688085	0.471049052	0.008939344	0.023323519
3	3	0.031614534	0.009703794	0.001190076	0.957491596
2	2	0.002261106	0.033353219	0.960212178	0.004173497
2	2	0.001199223	0.208069866	0.786170677	0.004560234
3	0	0.724297495	0.154408581	0.010197088	0.111096836
2	1	0.257319648	0.550000441	0.160584307	0.032095604
2	1	0.134816426	0.533209308	0.190302335	0.141671932
0	0	0.576236152	0.417472036	0.000177589	0.006114222
3	3	0.013412993	0.007694639	0.002344387	0.976547981
2	1	0.397121015	0.542908642	0.021052958	0.038917385
3	1	0.137978368	0.482314753	0.003816741	0.375890138
3	3	0.000728604	0.006997658	0.003391172	0.988882565
2	2	0.001781291	0.02249152	0.970817364	0.004909825
0	0	0.89151517	0.038897207	0.014102082	0.05548554
2	2	0.003143459	0.000961581	0.995279556	0.000615404
3	3	0.042536678	0.118281422	0.02745276	0.81172914
3	3	0.002648819	0.203387642	0.04167968	0.752283859
2	2	0.094286804	0.053604941	0.799543742	0.052564513
3	3	0.054570201	0.005006254	0.031111825	0.90931172
2	2	0.181642892	0.301009742	0.511855639	0.005491726
3	3	0.032440222	0.014884183	0.03311211	0.919563485
2	2	0.010581244	0.020725877	0.52899713	0.439695749
0	0	0.994791007	0.003003363	0.000144545	0.002061085
2	2	0.015150226	0.065648548	0.810389894	0.108811332
3	3	0.005394849	0.00509034	0.016650572	0.97286424
0	0	0.97645264	0.014808869	0.000340216	0.008398274
3	0	0.483450526	0.435654276	0.005159548	0.07573565
0	0	0.985297245	0.008338167	0.001138081	0.005226508
0	0	0.990045541	0.002560624	0.000830814	0.006563021
2	2	0.002149385	0.095639102	0.87662714	0.025584373
0	3	0.09179079	0.00073082	0.00086876	0.90660963
3	3	0.000764156	0.178969703	0.076433152	0.743832989
3	3	0.044221703	0.0291372	0.074531041	0.852110056
3	2	0.001898142	0.042827293	0.586208531	0.369066034
2	2	0.103126522	0.016308013	0.869359384	0.011206081
2	1	0.222821794	0.337569807	0.303497182	0.136111217
2	2	0.008762795	0.027254398	0.956628289	0.007354519
3	3	0.07407735	0.178361042	0.155914818	0.59164679
0	1	0.085169154	0.665833288	0.130979303	0.118018256
2	2	0.269652543	0.074629379	0.423788391	0.231929687
2	2	0.274757501	0.144429124	0.350650112	0.230163263
3	3	0.029924298	0.067293981	0.100170206	0.802611514
0	0	0.992860502	0.004201284	0.000376209	0.002562005
3	3	0.084434694	0.000689684	0.000831918	0.914043704
2	1	0.003534388	0.734830709	0.124118921	0.137515982
2	2	0.000846049	0.002812074	0.992594626	0.00374725
0	0	0.970191925	0.005387028	0.00562035	0.018800696
0	0	0.656676901	0.326063491	0.009471546	0.007788063
0	0	0.839470771	0.047778305	0.021193015	0.091557909
0	0	0.923791655	0.020517672	0.005179904	0.050510769
0	0	0.907653297	0.023283908	0.007116831	0.061945965
2	2	0.001920381	0.067831296	0.913171474	0.017076849
3	3	0.012048744	0.188323346	0.121347753	0.678280157
3	3	0.21295622	0.022135587	0.117752693	0.647155499
0	0	0.83664494	0.154207604	0.002481591	0.006665865
3	3	0.000102595	0.000147053	0.00046731	0.999283041
0	1	0.127501349	0.86283799	0.000757317	0.008903344
3	3	0.12713262	0.013840939	0.001775409	0.857251032
0	0	0.817974126	0.142284803	0.036177259	0.003563812
3	3	0.003943036	0.003348629	0.001969444	0.990738891
2	2	0.333351444	0.04300418	0.561267332	0.062377044
2	2	0.018833971	0.020779402	0.955048568	0.005338059
0	1	0.493654222	0.495385039	0.003824147	0.007136592
2	2	0.14265787	0.178743041	0.53944954	0.139149549
0	0	0.684402025	0.293050662	0.001869826	0.020677487
3	3	0.003123253	0.000680706	0.001362982	0.99483306
2	2	0.263519141	0.104954404	0.614326169	0.017200286
0	0	0.972104693	0.017476612	0.001255788	0.009162907
3	3	2.55223E-05	0.000117596	1.55701E-05	0.999841312
0	0	0.468978139	0.113562819	0.075956147	0.341502895
0	0	0.949633594	0.039963887	0.002271581	0.008130937
0	1	0.238611961	0.756300389	0.000793135	0.004294515
3	3	0.209637708	0.018658109	0.052330577	0.719373606
2	2	0.014665758	0.064619447	0.898489847	0.022224947
3	0	0.908582292	0.084739807	0.002426344	0.004251558
3	3	0.031302709	0.011056347	0.003888038	0.953752907
3	3	0.071279421	0.020267278	0.080126582	0.828326718
3	3	0.077268489	0.063579191	0.069268221	0.7898841
0	0	0.750247944	0.064328563	0.083154784	0.102268708
0	0	0.967521247	0.021728774	0.001493373	0.009256605
0	0	0.793229934	0.008590124	0.17085464	0.027325303
0	0	0.999869535	4.33098E-05	2.89788E-06	8.42577E-05
2	2	0.011700514	0.053235887	0.924019097	0.011044502
0	0	0.916152527	0.065084268	0.001045173	0.017718032
2	1	0.001873599	0.702862256	0.256303153	0.038960992
3	0	0.360557699	0.277037256	0.166926233	0.195478812
2	0	0.348086202	0.219873011	0.26150415	0.170536637
0	0	0.948917537	0.005034539	0.019535277	0.026512648
0	1	0.048200218	0.857279098	0.060350156	0.034170529
2	1	0.068596762	0.624746104	0.250021105	0.056636029
3	3	0.005460932	0.03212773	0.030889599	0.931521738
0	3	0.34267901	0.09805163	0.13498912	0.42428024
2	2	0.019028781	0.128644478	0.76033005	0.091996692
2	2	0.006449407	0.023272867	0.923054391	0.047223335
0	0	0.925427293	0.05994069	0.004443559	0.010188459
3	3	0.097057291	0.193291891	0.272489868	0.43716095
2	3	0.012398182	0.107377412	0.276842801	0.603381605
0	0	0.881498546	0.023587652	0.028079039	0.066834763
3	3	0.191650679	0.233334801	0.248532677	0.326481843
0	0	0.954364897	0.03621039	0.001491595	0.007933118
0	1	0.185305612	0.38943868	0.058422811	0.366832896
3	3	0.010887651	0.008944414	0.001463937	0.978703997
2	2	0.070453222	0.054138684	0.860874702	0.014533393
2	2	0.226260543	0.273687565	0.344980255	0.155071637
3	3	0.041498242	0.042353501	0.006779146	0.909369111
3	3	0.002347289	0.015930907	0.268878895	0.712842909
2	2	0.210954174	0.127924587	0.408765206	0.252356034
0	0	0.956341739	0.035132103	0.001710551	0.006815608
0	2	0.016231074	0.127361249	0.850077505	0.006330173
0	0	0.834599167	0.068125498	0.001188571	0.096086764
0	0	0.997704595	0.000328558	5.21546E-05	0.001914693
0	3	0.032049034	0.041065446	0.007167573	0.919717947
0	1	0.219946201	0.555174775	0.077415187	0.147463837
2	2	0.269231587	0.162255447	0.392003955	0.176509011
3	3	0.001192736	0.147488475	0.052886602	0.798432187
0	0	0.960887692	0.028524334	0.00374476	0.006843214
0	0	0.877798699	0.071073695	0.001921521	0.049206085
0	0	0.993055539	0.00434483	0.000521048	0.002078583
2	2	0.159434852	0.29331156	0.393363999	0.153889589
0	0	0.990037717	0.006201201	0.00067055	0.003090531
2	2	0.023231026	0.095525067	0.858415888	0.022828019
0	0	0.964078905	0.018450162	0.001544613	0.015926321
0	0	0.972687273	0.006424782	0.011330097	0.009557848
0	0	0.841960441	0.06970228	0.060300056	0.028037223
3	3	0.362048279	0.134098898	0.130591949	0.373260874
0	1	0.199266437	0.782773051	0.008765669	0.009194843
3	3	0.008768921	0.001410316	0.001295911	0.988524852
0	0	0.778213112	0.12120707	0.07395083	0.026628988
2	2	7.97769E-05	0.00413993	0.993743291	0.002037002
0	0	0.960815728	0.007327854	0.001934759	0.02992166
0	0	0.974809341	0.007222072	0.001420973	0.016547614
2	2	0.077946709	0.179239943	0.395292252	0.347521096
2	2	0.42076154	0.108425821	0.435748944	0.035063695
0	0	0.990311995	0.005003912	0.000679988	0.004004105
0	0	0.972010934	0.018106429	6.41499E-05	0.009818487
2	0	0.464153174	0.082451861	0.00596742	0.447427545
3	3	0.029972948	0.009804047	0.164942221	0.795280784
2	3	0.01436276	0.007913252	0.253037769	0.72468622
0	0	0.635161937	0.344770847	0.004591377	0.015475838
3	3	0.009383838	0.004339629	0.017349937	0.968926596
0	0	0.928686491	0.005681818	0.001792249	0.063839442
3	3	0.063422322	0.037390471	0.011858156	0.887329051
2	1	0.089799192	0.705125625	0.122618263	0.08245692
0	0	0.881371711	0.09225712	0.001535536	0.024835633
0	0	0.997295008	0.001282417	7.22478E-05	0.001350327
3	2	0.078765678	0.166646924	0.481967818	0.27261958
3	3	5.95101E-05	0.000193262	0.000110902	0.999636326
2	2	0.003216983	0.024536061	0.967043912	0.005203044
2	2	0.304455185	0.148609773	0.393477505	0.153457537
0	0	0.966488361	0.03055625	0.000630507	0.002324882
3	3	0.00066297	0.143319196	0.038743937	0.817273896
3	3	0.004750007	0.012546554	0.001729351	0.980974088
3	3	0.189840587	0.011249062	0.028221517	0.770688834
0	2	0.390647444	0.081957882	0.421578279	0.105816396
2	2	0.141955504	0.162051414	0.465593836	0.230399246
0	0	0.958741016	0.019769117	0.001077907	0.02041196
2	2	0.245361805	0.218947917	0.29845939	0.237230888
2	2	0.001364728	0.006519223	0.967828712	0.024287337
0	0	0.998270681	0.001029347	0.000542495	0.000157477
2	2	0.046321853	0.236941633	0.440677729	0.276058786
2	2	0.205181291	0.091807495	0.58621929	0.116791925
0	0	0.913467416	0.007692514	0.008168193	0.070671876
2	2	0.109221077	0.162255793	0.510440492	0.218082637
3	3	0.002279384	0.001820671	0.000837617	0.995062327
0	0	0.596686118	0.359419852	0.012045501	0.031848529
3	3	0.009680402	0.007163534	0.01740754	0.965748523
3	1	0.30055336	0.469996528	0.150554524	0.078895588
2	1	0.00052559	0.676455004	0.313771788	0.009247617
0	1	0.356189154	0.605686135	0.016269008	0.021855704
3	3	0.009548273	0.032533172	0.005923102	0.951995453
2	3	0.25617409	0.151662439	0.26134915	0.330814321
3	1	0.114649443	0.527885365	0.252693969	0.104771223
3	3	0.081059448	0.090720451	0.208738614	0.619481487
1	3	0.000486749	0.301476863	0.001379324	0.696657064
2	2	0.004196219	0.011008679	0.978659649	0.006135453
2	2	2.46593E-06	0.002046464	0.997860568	9.05017E-05
0	0	0.777066807	0.084034407	0.004242388	0.134656397
1	1	0.091180787	0.887088013	0.013884099	0.007847101
0	0	0.994933634	0.001959866	0.000171886	0.002934614
0	0	0.554222706	0.211656907	0.147210951	0.086909435
1	1	0.037664385	0.531028105	0.403919237	0.027388274
3	3	0.111624674	0.114393255	0.276508654	0.497473416
2	2	0.001953346	0.399591872	0.588598158	0.009856624
0	0	0.911923046	0.005297079	0.000217372	0.082562502
2	2	0.101556791	0.286952918	0.542136684	0.069353607
1	1	0.022155358	0.802377637	0.114752699	0.060714307
3	2	0.050536514	0.150204263	0.673370783	0.12588844
3	3	0.020450624	0.008987308	0.034564024	0.935998043
1	0	0.933211463	0.015479736	0.00071486	0.050593941
0	1	0.359991667	0.505617717	0.044375206	0.090015411
2	2	0.011545752	0.035552752	0.938720291	0.014181206
1	1	0.004859009	0.945614123	0.012835754	0.036691113
3	3	0.164990357	0.029787446	0.032602437	0.772619761
3	3	0.058062639	0.076701588	0.209982125	0.655253648
2	2	0.00552653	0.014177556	0.898530028	0.081765887
2	2	0.020555853	0.283027965	0.60265549	0.093760692
2	3	0.01966996	0.190545806	0.228238838	0.561545395
0	0	0.99274166	0.002190151	0.001450735	0.003617454
2	3	0.239214177	0.10109486	0.142630774	0.517060189
0	1	0.324208599	0.671750595	0.000762302	0.003278504
0	0	0.717195224	0.121382666	0.085845407	0.075576704
2	1	0.008353378	0.872502902	0.110771108	0.008372613
2	2	1.17394E-05	0.001123438	0.998838858	2.5965E-05
0	0	0.982933469	0.005161573	0.007444991	0.004459967
1	1	0.148368071	0.770158356	0.027229369	0.054244204
2	2	2.74564E-05	0.01702775	0.911183562	0.071761231
1	0	0.975668372	0.023691652	0.00013939	0.000500585
0	3	0.326278471	0.128541424	0.059450927	0.485729178
1	1	0.126713067	0.838844389	0.021300386	0.013142158
3	3	0.002611227	0.007472429	0.005429897	0.984486447
3	3	0.325216933	0.073750844	0.13081609	0.470216132
3	3	0.009051272	0.015119802	0.015567809	0.960261118
2	2	0.011560969	0.025611325	0.895905245	0.066922461
2	0	0.402330043	0.07639924	0.40080409	0.120466626
3	1	0.003137461	0.688636698	0.169595102	0.138630739
2	2	0.053509829	0.111850747	0.799802935	0.034836489
2	3	0.254414099	0.189324647	0.162335186	0.393926069
0	0	0.974735444	0.013537534	0.000763583	0.01096344
3	3	0.004887911	0.009222673	0.01863171	0.967257706
3	3	0.000438785	0.000573013	0.000788481	0.998199721
0	0	0.834443745	0.049608656	0.088046522	0.027901078
0	0	0.915365897	0.075423875	0.000904678	0.008305549
3	3	0.002752442	0.219749566	0.043219361	0.734278631
3	2	0.006660791	0.034149167	0.917853861	0.041336182
0	0	0.798225779	0.027104276	0.011532758	0.163137188
0	3	0.179453308	0.004849206	0.001245846	0.814451639
0	0	0.799782481	0.020700126	0.009238133	0.17027926
2	0	0.452329032	0.069131457	0.434158581	0.04438093
1	1	0.090094983	0.853772253	0.030203701	0.025929063
1	1	0.000854965	0.882893986	0.113477563	0.002773486
2	2	0.009090085	0.028038659	0.81646516	0.146406096
0	0	0.963291167	0.009784072	0.002931915	0.023992846
0	3	0.326425969	0.046205701	0.025762068	0.601606262
2	2	1.43053E-06	0.000364725	0.999632025	1.82001E-06
2	2	0.215574807	0.144981766	0.405657003	0.233786424
1	1	0.014022228	0.980481472	0.001847334	0.003648966
3	3	0.001180593	0.006836781	0.029595341	0.962387285
3	3	0.077266097	0.387825413	0.138456372	0.396452118
0	0	0.995026752	0.001799429	0.001016708	0.002157111
3	3	0.112385402	0.038402941	0.286012081	0.563199576
3	3	0.30142905	0.132758895	0.174449389	0.391362666
2	2	0.0101944	0.016418989	0.969459364	0.003927247
2	2	0.003500342	0.019116667	0.974730072	0.002652919
2	3	0.004246668	0.270111441	0.037335127	0.688306765
2	1	0.247246206	0.62352236	0.115293912	0.013937522
0	3	0.251418081	0.325485272	0.025667285	0.397429362
2	2	0.022096545	0.02827905	0.947494619	0.002129785
3	3	0.023184391	0.005386949	0.012248203	0.959180457
3	3	0.000547488	0.010146055	0.025216158	0.9640903
1	1	0.12044953	0.765271615	0.091609119	0.022669736
2	2	0.000103455	0.005018232	0.99483577	4.25437E-05
2	2	0.00207278	0.019355777	0.952310286	0.026261157
2	2	0.136366896	0.216491009	0.531471204	0.115670892
0	0	0.708413646	0.12601843	0.119573132	0.045994792
3	3	0.002435514	0.000668284	0.000686436	0.996209766
2	2	0.074742634	0.105715409	0.800511311	0.019030647
1	1	0.003593257	0.550022376	0.301496667	0.1448877
0	0	0.991692164	0.004792311	0.000820216	0.002695309
0	0	0.871081633	0.104108716	0.010832336	0.013977316
0	3	0.078125948	0.056736755	0.190265838	0.674871459
2	2	0.186383191	0.092629227	0.545282887	0.175704695
0	1	0.190314679	0.474840477	0.179913991	0.154930853
3	3	0.013327753	0.297093994	0.09885445	0.590723802
0	0	0.966593973	0.03072813	0.00020923	0.002468667
0	0	0.849834107	0.134000183	0.004921637	0.011244073
3	3	0.128596591	0.130448733	0.041164667	0.699790008
1	1	0.002151525	0.951344998	0.035768827	0.010734649
3	1	0.000704364	0.794521244	0.161118436	0.043655956
2	2	0.065745018	0.042754904	0.865825947	0.025674131
3	3	0.001773784	0.023030401	0.007696111	0.967499704
0	0	0.97742896	0.011742628	0.000628026	0.010200387
0	0	0.977194363	0.015011035	0.000826203	0.006968399
2	2	9.631E-05	0.003290095	0.996567066	4.65288E-05
1	1	0.071439962	0.904296605	0.009627826	0.014635607
2	2	0.173035558	0.272515941	0.283779382	0.270669119
2	2	0.048883897	0.019876697	0.912189768	0.019049637
2	2	0.037056965	0.220557033	0.467994393	0.274391609
3	0	0.574282973	0.040740483	0.119739944	0.2652366
3	3	0.000154523	0.005021279	0.00177054	0.993053658
2	2	0.231736846	0.278523502	0.355918739	0.133820914
2	2	0.011700514	0.053235887	0.924019097	0.011044502
2	2	0.007137137	0.019332965	0.971859918	0.00166998
0	0	0.980779421	0.011556495	0.000662422	0.007001662
1	1	0.046174431	0.726781732	0.21631295	0.010730887
2	3	0.252208094	0.115371172	0.232584713	0.399836021
0	3	0.302268586	0.018765423	0.022536044	0.656429947
2	2	0.000749708	0.012410317	0.977040508	0.009799468
2	2	0.010674398	0.021681258	0.959054778	0.008589566
2	2	0.000422824	0.209495263	0.780395723	0.00968619
0	0	0.675429868	0.294108671	0.00252174	0.02793972
0	0	0.982377573	0.012144492	0.001177244	0.004300691
0	0	0.521939547	0.220600146	0.080194246	0.17726606
1	1	0.132410159	0.803762933	0.017138105	0.046688803
3	3	0.000255876	0.016863269	0.0086602	0.974220655
0	2	0.234063626	0.236960388	0.282221715	0.246754271
2	0	0.317312341	0.115363336	0.254954881	0.312369441
1	1	0.002676029	0.993996675	0.003017817	0.000309479
2	3	0.002828683	0.028227911	0.337245529	0.631697877
2	2	0.033574689	0.054749733	0.680870743	0.230804835
1	1	0.000582925	0.802156271	0.175862676	0.021398128
2	2	0.010416726	0.107158902	0.862998364	0.019426008
3	3	0.004664007	0.004486061	0.004930177	0.985919755
3	3	0.088337091	0.016642507	0.035426498	0.859593904
2	2	0.001540427	0.028808194	0.968898492	0.000752887
3	3	0.000101884	0.04293901	0.023328615	0.93363049
1	1	0.17655616	0.624367421	0.143601056	0.055475363
0	0	0.470767318	0.468325682	0.051762397	0.009144604
1	1	0.043698632	0.870194541	0.055707612	0.030399215
2	1	0.001116621	0.94710249	0.047026314	0.004754575
3	3	0.089093201	0.003684678	0.001001284	0.906220837
2	2	0.015422736	0.257300022	0.715830069	0.011447173
3	3	1.49333E-05	0.00028729	1.455E-05	0.999683226
1	1	0.007380232	0.966329677	0.025715786	0.000574305
2	2	0.000457705	0.04206727	0.955151536	0.002323489
0	0	0.970584187	0.008316971	0.002194377	0.018904465
2	3	0.035913452	0.147261795	0.127155649	0.689669104
0	0	0.557812212	0.25481107	0.129505373	0.057871346
1	1	8.10735E-05	0.973600657	0.025932609	0.00038566
2	2	0.003797359	0.120434477	0.643682663	0.232085501
3	3	0.030708056	0.395450263	0.160024195	0.413817486
2	2	0.000106003	0.091910302	0.902810901	0.005172795
0	0	0.848293868	0.138397104	0.001321975	0.011987053
2	2	0.000312115	0.001646605	0.997762877	0.000278403
2	2	0.030945256	0.087332241	0.721202317	0.160520186
0	1	0.375424733	0.594403277	0.003687534	0.026484456
3	0	0.522976721	0.095291151	0.014777961	0.366954166
3	1	0.025210079	0.673941892	0.095225132	0.205622897
3	3	0.03502704	0.001068676	0.000647213	0.963257071
2	1	0.06919257	0.886422314	0.038271041	0.006114075
3	3	0.089093201	0.003684678	0.001001284	0.906220837
2	2	0.023243704	0.01242778	0.929395433	0.034933083
0	0	0.953827952	0.008912754	0.022725402	0.014533892
1	1	0.235925487	0.670897267	0.053059611	0.040117635
0	0	0.974578455	0.002224662	0.002874863	0.02032202
0	0	0.68164171	0.012659452	0.005752325	0.299946513
2	2	1.07355E-05	0.009226682	0.988313044	0.002449538
2	1	0.09124089	0.482510726	0.403107449	0.023140936
0	2	0.271243904	0.228770297	0.342927286	0.157058513
3	3	0.002852273	0.006255219	0.004636298	0.98625621
1	1	6.37628E-06	0.989133714	0.009918776	0.000941133
1	1	0.028109146	0.667937768	0.239605784	0.064347302
3	3	0.060190036	0.008841945	0.007896399	0.92307162
1	2	0.047355911	0.442168774	0.469417071	0.041058244
3	3	0.018342622	0.007552868	0.015165565	0.958938945
2	2	0.003921326	0.157973891	0.829920384	0.008184399
2	0	0.554394339	0.130552603	0.232752635	0.082300422
