0	0	0.979725911	0.001498213	0.018775876
0	0	0.991159896	0.000977043	0.00786306
0	0	0.991987603	0.000150636	0.007861761
0	0	0.996669231	0.000733608	0.002597161
0	0	0.995587195	0.000710585	0.00370222
0	0	0.952098877	0.003606252	0.044294871
0	0	0.987520915	0.000225756	0.012253329
0	0	0.995421552	0.00045963	0.004118818
0	0	0.962773355	0.000237739	0.036988906
0	0	0.993249443	0.000296675	0.006453882
0	0	0.995593006	0.000314975	0.004092019
0	0	0.997607842	0.000468631	0.001923527
0	0	0.898997833	0.003137984	0.097864182
0	0	0.997718283	0.000105101	0.002176615
0	0	0.928784515	0.000943251	0.070272234
0	0	0.934853618	0.009889662	0.05525672
0	0	0.933512317	0.001697496	0.064790187
0	0	0.972214592	0.008932324	0.018853085
0	0	0.748035354	0.002516704	0.249447941
0	0	0.81740251	0.0015007	0.18109679
0	0	0.855479639	0.001532135	0.142988226
0	0	0.997701684	0.000171865	0.002126451
0	0	0.810855671	0.000438362	0.188705967
0	0	0.978004577	0.000232356	0.021763067
0	0	0.991105895	0.000291016	0.00860309
0	0	0.99709542	0.000171726	0.002732854
0	0	0.951732031	0.000512981	0.047754988
0	0	0.971767655	0.001013304	0.02721904
0	0	0.998844993	0.000111069	0.001043937
0	0	0.99888855	0.000141641	0.000969808
0	0	0.923762094	0.000622915	0.075614992
0	0	0.96383827	0.000729441	0.035432289
0	0	0.996879078	1.89762E-05	0.003101945
0	2	0.00756667	0.004660175	0.987773155
0	2	0.398927299	0.001162972	0.599909729
0	0	0.987237486	0.000556722	0.012205792
0	0	0.997756941	0.000143117	0.002099942
0	0	0.923472699	0.000875501	0.0756518
0	0	0.993136644	0.000498012	0.006365344
0	0	0.954665834	0.000701707	0.044632459
0	0	0.964708378	0.005073982	0.03021764
0	0	0.953962767	0.000518469	0.045518764
0	0	0.996911679	0.000835322	0.002252999
0	0	0.932687693	0.002410828	0.064901479
0	0	0.994209198	0.000785251	0.005005552
0	0	0.911188147	0.000360793	0.08845106
0	0	0.907181776	0.001125517	0.091692707
0	0	0.995238111	0.001267418	0.003494471
0	0	0.945858755	0.00071013	0.053431115
0	0	0.988456414	0.001082686	0.010460901
0	0	0.996042075	0.000197659	0.003760265
0	0	0.962803037	0.000439222	0.036757742
0	0	0.998375596	9.43098E-05	0.001530095
0	0	0.994614818	0.000268248	0.005116935
0	0	0.989438152	0.000307137	0.010254712
0	0	0.918362595	0.000755325	0.08088208
0	0	0.856854542	0.037576099	0.10556936
0	0	0.886002192	0.001107184	0.112890624
0	0	0.891781771	0.000983361	0.107234867
0	0	0.964830049	0.000921136	0.034248815
0	0	0.965722394	0.000402636	0.033874971
0	0	0.986245259	0.000460844	0.013293897
0	0	0.999390256	7.02669E-05	0.000539477
0	0	0.996815063	0.000417933	0.002767004
0	0	0.872574358	0.002546317	0.124879325
0	0	0.961843115	0.000682735	0.03747415
0	0	0.83504571	0.033404361	0.131549929
0	0	0.999043932	7.73588E-05	0.000878709
0	0	0.991745834	0.00029068	0.007963486
0	0	0.86055187	0.000503724	0.138944406
0	0	0.987838731	0.000374007	0.011787262
0	0	0.9939612	0.000141479	0.005897321
0	0	0.796422704	0.001301907	0.202275389
0	0	0.952358872	0.000457738	0.04718339
0	0	0.976046882	0.001441971	0.022511147
0	0	0.999486653	0.000295804	0.000217543
0	0	0.993367447	0.000192088	0.006440464
0	0	0.967493504	0.027924619	0.004581877
0	0	0.998327309	0.000145116	0.001527575
0	0	0.770934689	0.006904019	0.222161292
0	2	0.55073667	0.000652044	0.448611286
0	0	0.980851539	0.000330325	0.018818136
0	0	0.989440585	0.000259458	0.010299957
0	0	0.998788064	6.96371E-05	0.001142299
0	0	0.803278996	0.002382385	0.194338619
0	0	0.999337589	2.40215E-05	0.000638389
0	0	0.984393391	0.000627963	0.014978646
0	0	0.998977425	8.77233E-05	0.000934851
0	0	0.940279036	0.000464393	0.059256571
0	0	0.999255289	0.000138902	0.000605809
0	0	0.993773483	0.000327361	0.005899156
0	0	0.957200527	0.000439118	0.042360355
0	0	0.909688251	0.002235583	0.088076166
0	0	0.999843988	1.79979E-05	0.000138014
0	0	0.992495215	0.001285082	0.006219703
0	0	0.973639981	0.000358847	0.026001172
0	0	0.987718886	0.000621884	0.01165923
0	0	0.928504971	0.000601743	0.070893286
0	0	0.974635589	0.000660448	0.024703962
0	0	0.971982168	0.000784615	0.027233217
0	0	0.996455675	0.000299035	0.00324529
0	0	0.840266156	0.000413217	0.159320627
0	0	0.947114653	0.000990466	0.051894881
0	0	0.88398791	0.001332349	0.114679741
0	0	0.920594459	0.000793914	0.078611627
0	0	0.961225868	0.000563668	0.038210464
0	0	0.890417732	0.000991031	0.108591237
0	0	0.96521805	0.000968656	0.033813294
0	0	0.827817091	0.001400168	0.170782741
0	2	0.134416595	0.021506257	0.844077148
0	0	0.936406266	0.000975944	0.06261779
0	0	0.727008874	0.003121578	0.269869547
0	0	0.975942186	0.000574189	0.023483625
0	0	0.956106163	0.000480402	0.043413435
0	0	0.979103545	0.000514756	0.020381699
0	0	0.990050369	0.000296756	0.009652875
0	0	0.975367828	0.002084887	0.022547285
0	0	0.9696933	0.009862896	0.020443804
0	0	0.960122235	0.000225003	0.039652762
0	0	0.516506037	0.117693875	0.365800088
0	0	0.992576958	0.000295941	0.007127101
0	0	0.934818206	0.000450027	0.064731767
0	0	0.798888961	0.001609497	0.199501542
0	0	0.989416456	0.000259089	0.010324455
0	0	0.964996942	0.000823596	0.034179462
0	0	0.91403123	0.002149348	0.083819421
0	0	0.87530868	0.002843048	0.121848272
0	0	0.989822534	0.0003003	0.009877166
0	0	0.989602282	0.000262633	0.010135085
0	0	0.987349125	0.000563958	0.012086918
0	0	0.949891936	0.000727929	0.049380135
0	0	0.93608568	0.001567853	0.062346467
0	0	0.978158356	0.00054666	0.021294984
0	0	0.98660717	0.000478056	0.012914774
0	0	0.998365865	0.000590385	0.00104375
0	0	0.986054528	0.001391819	0.012553652
0	0	0.907462941	0.000852615	0.091684444
0	0	0.899441677	0.001760634	0.098797689
0	0	0.942717813	0.000639267	0.05664292
0	0	0.97131501	0.014925197	0.013759794
0	0	0.738316979	0.028348475	0.233334546
0	0	0.997137973	3.45375E-05	0.002827489
0	1	0.164391994	0.82654452	0.009063486
0	0	0.985229098	0.000603068	0.014167834
0	0	0.910124646	0.002135032	0.087740322
0	0	0.712630566	0.001034236	0.286335198
0	0	0.999347486	0.000209298	0.000443216
0	0	0.980189675	0.00125891	0.018551416
0	0	0.995083816	0.000254266	0.004661918
0	0	0.964790357	0.000680254	0.034529389
0	0	0.953681704	0.023687085	0.022631211
0	0	0.925909854	0.000576072	0.073514075
0	0	0.942962639	0.0005438	0.056493561
0	0	0.980977113	0.012383304	0.006639583
0	0	0.994504178	0.000203568	0.005292254
0	2	0.170689567	0.002358549	0.826951884
0	0	0.95412158	0.000579141	0.045299279
0	0	0.956692255	0.001244186	0.042063558
0	0	0.998965169	9.3801E-05	0.00094103
0	0	0.973641563	0.00043511	0.025923327
0	0	0.985551732	0.000439245	0.014009023
0	0	0.996315574	0.000222365	0.003462061
0	0	0.884712201	0.000892224	0.114395575
0	0	0.991492787	0.001593466	0.006913746
0	0	0.990003734	0.002204959	0.007791308
0	0	0.988907301	0.000318001	0.010774698
0	0	0.992979948	0.002793822	0.004226231
0	0	0.997042726	0.000162382	0.002794892
0	0	0.983460375	0.000353129	0.016186497
0	0	0.979235106	0.00046995	0.020294943
0	0	0.975929601	0.000713545	0.023356854
0	0	0.508459748	0.001696701	0.48984355
0	0	0.8613932	0.025983223	0.112623577
0	0	0.98896673	0.000344852	0.010688418
0	0	0.991448389	0.001332247	0.007219364
0	0	0.904965299	0.01257608	0.082458621
0	0	0.998191267	9.33355E-05	0.001715398
0	0	0.987582646	0.000589465	0.011827889
0	2	0.136789041	0.009459693	0.853751266
0	0	0.975424971	0.000301819	0.024273209
0	0	0.994449002	0.000374707	0.005176291
0	1	0.001153148	0.988902588	0.009944263
0	0	0.997667332	0.00090703	0.001425639
0	0	0.872010143	0.001507724	0.126482133
0	0	0.998906271	8.68442E-05	0.001006885
0	0	0.844773901	0.001838351	0.153387748
0	0	0.964151913	0.003911609	0.031936478
0	0	0.918077284	0.0010981	0.080824616
0	0	0.801463174	0.002923668	0.195613158
0	0	0.984166581	0.00041296	0.01542046
0	0	0.979359479	0.000563042	0.02007748
0	0	0.98603561	0.001724595	0.012239794
0	0	0.996096022	0.000202087	0.003701891
0	0	0.990748636	0.000266325	0.008985039
0	0	0.959816717	0.001583666	0.038599617
0	0	0.258148899	0.658218238	0.083632863
0	0	0.903624184	0.000886578	0.095489238
0	0	0.971025525	0.000521499	0.028452976
0	0	0.636095302	0.250422226	0.113482472
0	0	0.992221944	0.000335259	0.007442798
0	2	0.106885623	0.306328887	0.58678549
0	0	0.342302701	0.588746345	0.068950954
0	0	0.970395978	0.000247809	0.029356213
0	0	0.997335609	0.000379799	0.002284592
0	0	0.993132774	0.000242796	0.00662443
0	0	0.955873894	0.000584105	0.043542
0	0	0.997628306	0.000142186	0.002229508
0	1	0.000677003	0.984979158	0.014343839
0	0	0.930779052	0.000899624	0.068321324
0	0	0.846362262	0.001079338	0.1525584
0	0	0.99765497	0.000255357	0.002089673
0	0	0.923015478	0.000755214	0.076229308
0	0	0.517213564	0.126919861	0.355866575
0	0	0.887941298	0.001493475	0.110565227
0	0	0.993940848	0.000224715	0.005834437
0	0	0.999835417	2.95459E-05	0.000135037
0	0	0.993231501	0.000204081	0.006564417
0	0	0.96248171	0.000643982	0.036874309
0	0	0.988766838	0.000459994	0.010773167
0	0	0.915660423	0.001339164	0.083000413
0	2	0.377877078	0.026463567	0.595659355
0	0	0.995985974	0.000618247	0.003395779
0	0	0.927015201	0.000667023	0.072317776
0	0	0.952705865	0.000206699	0.047087436
0	0	0.839960387	0.001015676	0.159023936
0	0	0.926868121	0.000528513	0.072603366
0	0	0.988163947	0.000254094	0.011581959
0	0	0.996404573	0.000219556	0.003375871
0	0	0.973605908	0.000549364	0.025844727
0	0	0.949170525	0.000980972	0.049848503
0	0	0.999743396	2.06694E-05	0.000235934
0	0	0.838753467	0.000517998	0.160728535
0	0	0.587021043	0.001128355	0.411850602
0	0	0.833796251	0.001493301	0.164710448
0	0	0.999019702	0.0007642	0.000216098
0	0	0.992003694	0.000132845	0.007863461
0	0	0.977506404	0.00037973	0.022113866
0	0	0.994755499	0.000257689	0.004986813
0	0	0.448139347	0.003625544	0.548235109
0	0	0.983271257	0.000354902	0.016373841
0	0	0.994567237	0.00010033	0.005332434
0	0	0.630256697	0.028489261	0.341254042
0	0	0.991239853	0.001075254	0.007684894
0	0	0.426948133	0.000408838	0.57264303
0	0	0.939194299	0.000753009	0.060052692
0	0	0.937115737	0.000854966	0.062029296
0	2	0.368559932	0.011759993	0.619680075
0	0	0.995524662	0.000150089	0.00432525
0	0	0.986656294	0.000214729	0.013128977
0	0	0.807925993	0.004387986	0.18768602
0	0	0.48381445	0.002659137	0.513526413
0	0	0.979911932	0.002488706	0.017599363
0	0	0.807270805	0.002722523	0.190006671
0	0	0.988261458	0.000254628	0.011483914
0	0	0.999341089	5.69146E-05	0.000601996
0	0	0.874122128	0.000802054	0.125075818
0	0	0.987726601	0.000283004	0.011990395
0	0	0.895982471	0.013211938	0.09080559
0	0	0.813109798	0.006383817	0.180506385
0	0	0.983670824	0.000627125	0.015702051
0	0	0.704062537	0.001647019	0.294290444
0	0	0.982233795	0.000274454	0.01749175
0	0	0.99802658	0.000216293	0.001757127
0	0	0.977076523	0.000350241	0.022573236
0	0	0.99488017	0.000497392	0.004622438
0	0	0.952603384	0.001357166	0.04603945
0	0	0.93660202	0.001067008	0.062330972
0	0	0.943442426	0.001259652	0.055297923
0	0	0.740620789	0.007112037	0.252267174
0	0	0.945191932	0.000813254	0.053994814
0	0	0.987422241	0.000480272	0.012097487
0	0	0.999748492	4.47888E-05	0.000206719
0	0	0.999316748	9.99957E-05	0.000583257
0	0	0.995620997	0.00010365	0.004275353
0	0	0.992124429	7.61575E-05	0.007799413
0	0	0.990536269	0.000283554	0.009180177
0	0	0.962455197	0.000534827	0.037009977
0	0	0.999033821	9.7178E-05	0.000869001
0	0	0.965195979	0.00045989	0.034344132
0	0	0.88139614	0.001224959	0.117378901
0	0	0.99465524	0.00016636	0.0051784
0	0	0.890470058	0.021335012	0.08819493
0	0	0.995507595	0.00012769	0.004364714
0	0	0.974581609	0.000344972	0.025073418
0	0	0.97299255	0.000683572	0.026323878
0	0	0.993753069	0.000291589	0.005955343
0	0	0.92450471	0.001280894	0.074214396
0	0	0.946165544	0.002312011	0.051522445
0	0	0.98216105	0.000306467	0.017532482
0	2	0.104004985	0.052344079	0.843650936
0	0	0.961668176	0.00046901	0.037862814
0	0	0.982688688	0.000338847	0.016972466
0	0	0.96900493	0.000863613	0.030131457
0	0	0.997844866	0.00010481	0.002050324
0	0	0.997673336	0.000186621	0.002140043
0	0	0.996838691	0.000817004	0.002344305
0	0	0.985352541	0.000403976	0.014243483
0	0	0.999226987	6.02581E-05	0.000712755
0	0	0.981770944	0.000292193	0.017936864
0	0	0.959178327	0.001132556	0.039689117
0	0	0.942275397	0.01446161	0.043262992
0	0	0.55809756	0.019045556	0.422856884
0	0	0.919244195	0.001041281	0.079714524
0	0	0.680009406	0.001750334	0.31824026
0	0	0.988085597	0.000159513	0.01175489
0	0	0.994418754	0.000310571	0.005270675
0	0	0.970288963	0.000478162	0.029232875
0	0	0.919729295	0.000649586	0.07962112
0	0	0.638173489	0.010993566	0.350832946
0	0	0.907820026	0.001662207	0.090517767
0	0	0.999875347	1.46639E-05	0.00010999
0	0	0.961142957	0.0007224	0.038134644
0	0	0.992406495	0.000415419	0.007178086
0	0	0.998522138	0.000144003	0.001333859
0	0	0.977187449	0.0011653	0.021647252
0	0	0.957807931	0.000714728	0.041477341
0	0	0.981299589	0.001028476	0.017671935
0	0	0.999431761	6.77715E-05	0.000500467
0	0	0.996258373	0.000372658	0.003368969
0	0	0.795842096	0.001483495	0.202674409
0	0	0.997311711	0.000133516	0.002554773
0	0	0.959036174	0.000841667	0.04012216
0	2	0.202265627	0.001270464	0.79646391
0	0	0.934536989	0.001131395	0.064331616
0	0	0.600966112	0.001834439	0.39719945
0	0	0.706823276	0.003698327	0.289478397
0	0	0.987285222	0.003040613	0.009674165
0	0	0.933334159	0.000539757	0.066126085
0	2	0.162700641	0.047789787	0.789509571
0	2	0.054465858	0.000166356	0.945367786
0	0	0.988644838	0.000243056	0.011112106
0	0	0.903633344	0.001618377	0.094748279
0	0	0.999053837	9.74134E-05	0.000848749
0	0	0.997225717	0.000130325	0.002643958
0	0	0.965803776	0.002086443	0.032109781
0	0	0.992401395	0.000141795	0.00745681
0	0	0.995801893	0.000225001	0.003973107
0	0	0.994459324	0.000497181	0.005043495
0	0	0.988351308	0.000324535	0.011324157
0	0	0.719600499	0.001431748	0.278967753
0	0	0.950034725	0.000483791	0.049481484
0	0	0.997198202	0.000812166	0.001989632
0	0	0.995038995	0.000207501	0.004753504
0	0	0.996228959	0.000710545	0.003060496
0	0	0.991490486	0.000785692	0.007723822
0	0	0.992340205	0.000699889	0.006959906
0	0	0.989174198	0.000584073	0.010241729
0	0	0.992698693	0.000310282	0.006991025
0	2	0.502707426	0.007389118	0.489903456
0	0	0.788667322	0.00521555	0.206117127
0	0	0.994393123	0.000831215	0.004775662
0	0	0.978124935	0.000497598	0.021377467
0	0	0.967338677	0.000635304	0.032026019
0	0	0.994955818	0.000180974	0.004863208
0	0	0.578296379	0.007695121	0.4140085
0	1	0.0093342	0.985633964	0.005031837
0	0	0.824674507	0.000971308	0.174354184
0	0	0.968469815	0.001813244	0.029716942
0	0	0.982988641	0.000484323	0.016527036
0	0	0.935696267	0.000494945	0.063808788
0	0	0.973681455	0.000409706	0.025908839
0	2	0.408490029	0.00101123	0.590498741
0	0	0.977184731	0.000414939	0.022400331
0	2	0.005019839	0.00240993	0.992570231
0	0	0.992381463	0.000857965	0.006760572
0	0	0.780098566	0.000956495	0.218944939
0	2	0.188409082	0.000795659	0.810795259
0	0	0.747475016	0.000783959	0.251741025
0	0	0.990127984	0.000364961	0.009507056
0	2	0.476788204	0.001626731	0.521585065
0	0	0.914854899	0.007397673	0.077747428
0	0	0.212103315	0.001175829	0.786720856
0	0	0.998766399	5.5951E-05	0.00117765
0	0	0.994766582	0.000136642	0.005096776
0	0	0.872301836	0.001287543	0.126410621
0	0	0.99804662	0.000358976	0.001594404
0	0	0.757166574	0.002870779	0.239962647
0	0	0.542411184	0.404893616	0.052695199
0	2	0.061623467	0.001320807	0.937055726
0	0	0.895313462	0.000281922	0.104404616
0	0	0.913271921	0.000600156	0.086127923
0	0	0.987225972	0.000321808	0.012452221
0	0	0.899592837	0.000958431	0.099448732
0	0	0.85392274	0.001409367	0.144667893
0	0	0.762105117	0.001717182	0.236177702
0	0	0.993346951	0.000204985	0.006448064
0	0	0.947672077	0.000131784	0.052196139
0	0	0.94587369	0.000897008	0.053229302
0	2	0.147927083	0.001662163	0.850410754
0	0	0.71196263	0.01332478	0.27471259
0	0	0.95364444	0.000440604	0.045914956
0	0	0.997678557	0.000157069	0.002164374
0	0	0.996818411	0.000150359	0.00303123
0	0	0.981968249	0.000499204	0.017532547
0	2	0.007712199	0.000208192	0.992079609
0	0	0.521718732	0.01244761	0.465833659
0	0	0.937899464	0.002214536	0.059886
0	2	0.253893779	0.032796309	0.713309912
0	0	0.678595327	0.024347398	0.297057275
0	0	0.965096855	0.006351103	0.028552042
0	0	0.981447699	0.000473705	0.018078597
0	0	0.901962252	0.002389951	0.095647798
0	0	0.998494199	0.000101769	0.001404032
0	0	0.877528876	0.000679709	0.121791414
0	0	0.99580984	0.002140536	0.002049624
0	0	0.876766209	0.007944981	0.115288811
0	0	0.997694107	0.000119295	0.002186598
0	0	0.99729124	0.000110498	0.002598262
0	0	0.998526589	0.000150571	0.00132284
0	0	0.994608752	0.001527068	0.00386418
0	0	0.931573453	0.000510316	0.067916231
0	0	0.96121763	7.22589E-05	0.038710111
0	0	0.897833222	0.003120784	0.099045994
0	2	0.179591432	0.019790152	0.800618416
0	0	0.853893564	0.001008845	0.14509759
0	0	0.994557465	0.000737196	0.004705339
0	0	0.952500567	0.000483304	0.047016129
0	0	0.992637778	0.000323928	0.007038294
0	0	0.709029777	0.001110375	0.289859848
0	0	0.980521462	0.00038052	0.019098018
0	0	0.947751348	0.001035715	0.051212937
0	0	0.936571528	0.000498289	0.062930182
0	0	0.876172496	0.001406864	0.12242064
0	0	0.997334393	0.000135185	0.002530422
0	0	0.990418224	0.000269558	0.009312218
0	0	0.987842714	0.00029904	0.011858246
0	0	0.948028366	0.000358074	0.05161356
0	0	0.951879394	0.000515581	0.047605026
0	0	0.990135718	0.000150535	0.009713746
0	0	0.991840161	0.00105439	0.007105449
0	0	0.999387678	3.54633E-05	0.000576859
0	0	0.98666256	0.000242471	0.013094969
0	0	0.97882321	0.001001652	0.020175138
0	0	0.936702042	0.000729253	0.062568705
0	0	0.948302302	0.000868379	0.050829319
0	0	0.996884427	0.000120601	0.002994972
0	0	0.921898974	0.000635296	0.07746573
0	0	0.962506637	0.000477706	0.037015656
0	0	0.811063893	0.163113591	0.025822516
0	0	0.916391138	0.00070818	0.082900681
0	0	0.997934212	2.67315E-05	0.002039057
0	0	0.924781321	0.00058758	0.074631099
0	0	0.558559004	0.001887136	0.439553861
0	0	0.943155154	0.001392124	0.055452722
0	0	0.991142015	0.000278638	0.008579347
0	0	0.988229196	0.000642245	0.011128559
0	0	0.998971839	0.000255005	0.000773157
0	0	0.963971657	0.001289381	0.034738962
0	0	0.948453711	0.000413141	0.051133149
0	0	0.999158799	0.000170335	0.000670866
0	0	0.93418633	0.006876267	0.058937403
0	0	0.997920122	0.000245925	0.001833952
0	0	0.992641074	0.000244894	0.007114032
0	0	0.976913488	0.001151192	0.021935319
0	0	0.987752591	0.000583117	0.011664292
0	0	0.99464545	0.000319687	0.005034863
0	0	0.99088235	0.000583329	0.008534321
0	0	0.949086842	0.000522777	0.050390381
0	0	0.95971118	0.000561767	0.039727053
0	0	0.950772319	0.000523025	0.048704656
0	0	0.980588526	0.000170291	0.019241183
0	0	0.908942068	0.000790082	0.09026785
0	0	0.897746405	0.00017045	0.102083145
0	0	0.959048395	0.000760668	0.040190938
0	0	0.863858386	0.001150514	0.1349911
0	0	0.627438408	0.053863093	0.318698499
0	0	0.968758775	0.001577775	0.02966345
0	2	0.072046527	0.003583759	0.924369715
0	0	0.973729326	0.000350194	0.025920479
0	0	0.64409627	0.044139197	0.311764533
0	0	0.950802526	0.000946965	0.04825051
0	0	0.953802214	0.00062748	0.045570306
0	0	0.997075418	7.62702E-05	0.002848312
0	0	0.853206299	0.00855231	0.138241391
0	0	0.90609106	0.001211598	0.092697343
0	0	0.991546557	0.000909342	0.007544101
0	0	0.979653866	0.001969145	0.018376989
0	0	0.995976917	0.000388029	0.003635054
0	0	0.935199935	0.000986848	0.063813218
0	0	0.999550765	4.11145E-05	0.00040812
0	0	0.989058172	0.000107137	0.010834691
0	0	0.964386268	0.000995104	0.034618628
0	0	0.948073328	0.001504457	0.050422215
0	0	0.948716678	0.003550932	0.04773239
0	0	0.949270299	0.000611032	0.050118669
0	0	0.991195108	0.000290896	0.008513996
0	2	0.019273252	0.003793611	0.976933138
0	0	0.983017728	0.000428282	0.01655399
0	0	0.933854168	0.001331918	0.064813913
0	0	0.956689404	0.000607185	0.04270341
0	0	0.772765937	0.000885481	0.226348581
0	0	0.504376969	0.030954672	0.464668359
0	0	0.862089377	0.000721703	0.13718892
0	2	0.003409948	0.000440783	0.996149269
0	0	0.982265387	0.003174854	0.014559759
0	2	0.027664337	0.006547898	0.965787765
0	0	0.702040387	0.027859971	0.270099642
0	0	0.958523763	0.000409669	0.041066568
0	0	0.997255879	0.000166911	0.00257721
0	0	0.970458519	0.00022738	0.029314101
0	0	0.982536091	0.000436284	0.017027626
0	0	0.719608546	0.027740887	0.252650567
0	0	0.222942665	0.091717631	0.685339703
0	0	0.926636451	0.000640287	0.072723262
0	0	0.954351181	0.0006682	0.044980619
0	0	0.992880303	0.000300716	0.006818981
0	0	0.839818546	0.001755732	0.158425722
0	0	0.983264544	0.000297744	0.016437712
0	0	0.992538921	0.000227266	0.007233813
0	0	0.515243111	0.000633965	0.484122924
0	0	0.623961465	0.000752457	0.375286078
0	0	0.995415307	0.000234326	0.004350366
0	0	0.986250602	0.002256716	0.011492682
0	0	0.664678904	0.001099553	0.334221542
0	0	0.618019702	0.001923642	0.380056656
0	0	0.977190284	0.000487523	0.022322193
0	0	0.965911792	0.000442937	0.033645271
0	0	0.856809766	0.034237308	0.108952926
0	0	0.996355939	0.000171805	0.003472256
0	0	0.997417309	0.000398666	0.002184024
0	0	0.996080989	0.000186323	0.003732688
0	0	0.991461385	0.000249195	0.00828942
0	0	0.919111888	0.001558787	0.079329325
0	0	0.994145888	0.000124866	0.005729246
0	2	0.008545674	0.000245545	0.991208781
0	0	0.92970575	0.000666156	0.069628094
0	0	0.959439892	0.000573298	0.039986811
0	0	0.896510633	0.000810106	0.10267926
0	0	0.84425158	0.000914892	0.154833529
0	0	0.721597267	0.001887149	0.276515584
0	0	0.990576314	0.00039518	0.009028506
0	2	0.260149927	0.001470435	0.738379638
0	0	0.906479454	0.000774195	0.092746352
0	0	0.977459456	0.000487364	0.02205318
0	0	0.997004221	0.000151655	0.002844124
0	0	0.957744088	0.000485819	0.041770093
0	0	0.923363205	0.000477841	0.076158954
0	2	0.315421382	0.001568641	0.683009977
0	2	0.466388742	0.007075368	0.52653589
0	0	0.802091056	0.001495442	0.196413501
0	0	0.984779547	0.000226937	0.014993515
0	0	0.888696328	0.010703337	0.100600335
0	2	0.024461632	0.008627941	0.966910427
0	0	0.977314582	0.000404991	0.022280427
0	2	0.08116313	0.000227401	0.918609469
0	0	0.957780195	0.000519088	0.041700716
0	0	0.928872543	0.00165214	0.069475317
0	0	0.939370488	0.00058357	0.060045941
0	0	0.995860677	0.000416407	0.003722916
0	2	0.496572781	0.000507748	0.502919471
0	0	0.9453088	0.001023483	0.053667717
0	0	0.975839245	0.000169297	0.023991458
0	0	0.959243146	0.000533628	0.040223226
0	0	0.952936061	0.00052228	0.046541659
0	0	0.994729435	0.000192294	0.005078271
0	0	0.98751155	0.000615198	0.011873253
0	0	0.982638259	0.001333679	0.016028062
0	0	0.996897286	0.000133647	0.002969067
0	0	0.712236806	0.00112796	0.286635235
0	2	0.593633732	0.001335709	0.405030558
0	0	0.989883036	0.000394036	0.009722928
0	0	0.935567891	0.000497955	0.063934154
0	0	0.924523371	0.000903642	0.074572986
0	0	0.553320417	0.001161761	0.445517822
0	0	0.996030986	0.00016948	0.003799534
0	0	0.921623728	0.001281379	0.077094893
0	2	0.530175361	0.001384734	0.468439905
0	0	0.748582136	0.001362854	0.25005501
0	0	0.882560202	0.001319466	0.116120333
0	0	0.996647017	0.00015923	0.003193753
0	0	0.843908454	0.001104115	0.154987431
0	0	0.993252545	0.000885489	0.005861966
0	0	0.975176836	0.000650586	0.024172577
0	0	0.983577231	0.000353701	0.016069068
0	0	0.888971147	0.000722141	0.110306712
0	0	0.959260615	0.000800005	0.03993938
0	0	0.878240212	0.000671474	0.121088314
0	0	0.938084589	0.000605585	0.061309826
0	0	0.947423793	0.002354543	0.050221665
0	0	0.941724542	0.001134977	0.057140481
0	0	0.99899727	0.000147896	0.000854834
0	0	0.98691683	0.000319719	0.012763452
0	0	0.964320897	0.000515058	0.035164045
0	2	0.147784482	0.004406827	0.847808691
0	0	0.8239318	0.001679318	0.174388882
0	0	0.851824484	0.000475913	0.147699603
0	2	0.010369929	0.00021867	0.9894114
0	0	0.99366007	0.000273349	0.006066581
0	2	0.207939259	0.005046758	0.787013983
0	0	0.968607791	9.0905E-05	0.031301304
0	0	0.996440586	0.000168873	0.003390541
0	0	0.990784548	0.000242658	0.008972794
0	0	0.960760146	0.00421616	0.035023694
0	0	0.95077123	0.000592309	0.048636461
0	0	0.978758556	0.000380368	0.020861075
0	2	0.082118488	0.000280036	0.917601476
0	0	0.94901936	0.000664334	0.050316306
0	0	0.737974078	0.000950667	0.261075255
0	0	0.997932338	9.73625E-05	0.001970299
0	0	0.881985181	0.000897605	0.117117213
0	0	0.946456828	0.001110739	0.052432433
0	0	0.952954009	0.001228466	0.045817524
0	2	0.003927427	0.000234543	0.995838029
0	0	0.868967409	0.00098433	0.130048261
0	0	0.888263715	0.000175603	0.111560682
0	0	0.863767732	0.012192291	0.124039976
0	0	0.879467937	0.001520923	0.119011141
0	0	0.991577701	0.000947051	0.007475248
0	0	0.974808676	0.001018205	0.024173119
0	0	0.835970226	0.001202007	0.162827767
0	0	0.895161723	7.48855E-05	0.104763392
0	0	0.993579675	0.000779591	0.005640734
0	2	0.148060224	0.001359231	0.850580545
0	0	0.939626016	0.000665033	0.059708951
0	0	0.948543253	0.000634846	0.050821901
0	0	0.913118711	0.000862488	0.086018802
0	0	0.948369222	0.000823282	0.050807496
0	0	0.973473823	0.000440904	0.026085274
0	0	0.999047196	7.53209E-05	0.000877483
0	0	0.96961557	0.004337507	0.026046924
0	0	0.999508702	2.10693E-05	0.000470229
0	0	0.994432602	0.000262809	0.005304589
0	0	0.960642608	0.001337768	0.038019624
0	0	0.962969458	0.000951155	0.036079387
0	0	0.773214674	0.00039588	0.226389445
0	0	0.946541827	0.000615707	0.052842467
0	0	0.967250078	0.001124633	0.031625289
0	0	0.95042237	0.000988177	0.048589453
0	0	0.997561072	0.000202425	0.002236503
0	0	0.954029868	0.000366153	0.045603979
0	0	0.755694278	0.001117213	0.243188509
0	0	0.950251081	0.000611235	0.049137684
0	0	0.841125426	0.001356409	0.157518165
0	0	0.975289816	0.0004282	0.024281984
0	0	0.999196857	1.08689E-05	0.000792274
0	2	0.237337786	0.002308007	0.760354206
0	0	0.996645686	0.000415237	0.002939076
0	0	0.413835819	0.002941352	0.583222829
0	0	0.984773671	0.002813732	0.012412597
0	0	0.992240322	6.77972E-05	0.007691881
0	0	0.785748075	0.001540545	0.21271138
0	0	0.991850633	0.000448195	0.007701172
0	0	0.947558791	0.000682692	0.051758516
0	0	0.976778395	0.000366836	0.022854769
0	0	0.958713203	0.000649269	0.040637528
0	2	0.077325225	0.001619343	0.921055433
0	0	0.888507052	0.003739839	0.107753109
0	0	0.993485074	0.000170865	0.006344061
0	0	0.988382627	0.000374101	0.011243272
0	0	0.981618271	0.000422529	0.0179592
0	0	0.974484184	0.000311676	0.025204141
0	0	0.924972982	0.000425226	0.074601792
0	0	0.975193063	0.002025741	0.022781196
0	0	0.712182177	0.010896414	0.276921409
0	0	0.992198211	0.000270826	0.007530963
0	0	0.960025968	0.000503264	0.039470767
0	0	0.799997109	0.000962432	0.199040459
0	0	0.958293379	0.001070637	0.040635984
0	0	0.87372268	0.005775721	0.120501599
0	0	0.978668281	0.000445434	0.020886286
0	0	0.997505244	0.000145128	0.002349629
0	0	0.982335468	0.000691379	0.016973153
0	0	0.99197464	0.000282295	0.007743065
0	0	0.8528256	0.001065085	0.146109315
0	0	0.988881849	0.001283865	0.009834286
0	0	0.550746007	0.003006491	0.446247502
0	0	0.956792475	0.000529399	0.042678126
0	0	0.966031052	0.000427029	0.033541919
0	0	0.961605692	0.000461951	0.037932357
0	0	0.997266863	4.18534E-05	0.002691284
0	0	0.965171044	0.000489146	0.03433981
0	0	0.923889465	0.000787015	0.07532352
0	2	0.176667532	0.001390648	0.821941821
0	0	0.997514235	7.88007E-05	0.002406965
0	0	0.952914829	0.000502643	0.046582528
0	0	0.971395387	0.001510036	0.027094577
0	0	0.710593029	0.001078639	0.288328332
0	0	0.948367727	0.000508873	0.0511234
0	0	0.750849273	0.000312018	0.248838709
0	0	0.973877598	0.000226476	0.025895925
0	0	0.974659978	0.000364689	0.024975333
0	2	0.03507047	0.582226445	0.382703085
0	0	0.996672806	0.000478893	0.002848301
0	0	0.959534084	0.000932438	0.039533477
0	0	0.996181744	0.000204565	0.003613691
0	0	0.946679487	0.000533744	0.05278677
0	0	0.99966955	3.15881E-05	0.000298861
0	0	0.884335542	0.002137927	0.113526531
0	0	0.716746543	0.02523728	0.258016176
0	0	0.969253048	0.00090767	0.029839282
0	0	0.939444389	0.001333876	0.059221735
0	0	0.891138101	0.003014396	0.105847503
0	0	0.94731644	0.000480914	0.052202646
0	2	0.407647583	0.007123527	0.585228889
0	0	0.997884498	0.000318109	0.001797393
0	0	0.947436177	0.000510972	0.052052851
0	0	0.708670806	0.001500189	0.289829005
0	0	0.951538191	0.000529978	0.047931831
0	0	0.971520379	0.002700568	0.025779053
0	0	0.970253556	0.000581792	0.029164652
0	0	0.975892613	0.000486	0.023621388
0	0	0.990310894	0.000346185	0.009342921
0	0	0.989443653	0.000625529	0.009930818
0	0	0.812399685	0.003737035	0.183863281
0	0	0.952829447	0.00055026	0.046620293
0	0	0.927055843	0.000738831	0.072205326
0	0	0.990551556	0.000340365	0.00910808
0	0	0.998894043	8.08992E-05	0.001025058
0	0	0.998555865	6.39605E-05	0.001380175
0	0	0.916663937	0.000617758	0.082718305
0	0	0.914134777	0.000752374	0.08511285
0	0	0.990674504	0.000172456	0.00915304
0	0	0.998951888	0.000101999	0.000946113
0	0	0.995650194	0.000230454	0.004119352
0	0	0.945231807	0.000500439	0.054267754
0	2	0.241203801	0.011290281	0.747505919
0	0	0.847051923	0.004748183	0.148199894
0	0	0.972461771	0.00040577	0.027132459
0	0	0.951878334	0.000511932	0.047609734
0	0	0.965872414	0.000406217	0.03372137
0	0	0.99309975	0.000635547	0.006264703
0	2	0.012954204	0.000292152	0.986753643
0	0	0.9924005	0.000315161	0.007284339
0	2	0.379421376	0.001800109	0.618778515
0	0	0.893566228	0.000848335	0.105585437
0	0	0.938017406	0.000535994	0.0614466
0	0	0.991062904	0.000133344	0.008803752
0	0	0.498901221	0.000448345	0.500650434
0	0	0.997159364	0.000242977	0.002597659
0	0	0.737497052	0.001152533	0.261350415
0	0	0.828322683	0.001455432	0.170221885
0	0	0.998243233	0.000292438	0.001464329
0	0	0.987932884	0.000170967	0.011896149
0	0	0.932462956	0.001313939	0.066223105
0	0	0.857056432	0.002514323	0.140429245
0	0	0.943768391	0.000659536	0.055572073
0	0	0.910485576	0.002150882	0.087363542
0	0	0.972921844	0.000634831	0.026443325
0	0	0.94554612	0.001344017	0.053109864
0	0	0.919208272	0.000656727	0.080135001
0	0	0.750402564	0.039029189	0.210568247
0	0	0.940120967	0.00054942	0.059329613
0	0	0.99516959	0.000331149	0.004499261
0	0	0.767909542	0.001862039	0.230228419
0	0	0.963487974	0.000521347	0.03599068
0	0	0.990320991	0.000293854	0.009385154
0	0	0.948228134	0.000625312	0.051146554
0	0	0.869785784	0.001557601	0.128656615
0	2	0.450087475	0.011221616	0.538690909
0	0	0.991834483	0.000232319	0.007933198
0	0	0.778428997	0.001207652	0.220363352
0	0	0.96384355	0.001512296	0.034644154
0	0	0.999260771	6.17548E-05	0.000677474
0	0	0.999129356	8.0402E-05	0.000790242
0	0	0.97197677	0.000331553	0.027691677
0	0	0.981928771	0.000481436	0.017589793
0	0	0.991482334	0.000487532	0.008030133
0	0	0.892722451	0.000111903	0.107165646
0	0	0.982733747	0.000533999	0.016732254
0	0	0.924375113	0.001731898	0.073892989
0	2	0.002162713	0.001123741	0.996713546
1	1	6.52975E-05	0.997546362	0.00238834
1	1	2.51065E-05	0.999816683	0.000158211
1	1	0.000237772	0.994616549	0.005145679
1	1	0.000109313	0.997807788	0.002082899
1	1	0.00097673	0.968215866	0.030807404
1	1	0.000252507	0.99663295	0.003114543
1	1	3.45875E-05	0.999283437	0.000681976
1	1	8.01771E-05	0.998328632	0.001591191
1	1	0.076713989	0.906221788	0.017064223
1	1	0.011449416	0.947321713	0.041228871
1	1	0.009369962	0.984967858	0.00566218
1	1	0.000943933	0.986634924	0.012421143
1	1	0.00022333	0.996148616	0.003628054
1	1	0.000236693	0.995661175	0.004102133
1	1	0.004132418	0.988672033	0.007195549
1	1	0.002089526	0.992708506	0.005201968
1	1	0.000183428	0.997117067	0.002699504
1	1	9.8185E-05	0.998044563	0.001857252
1	1	0.000931146	0.975705681	0.023363173
1	1	0.000996909	0.9956583	0.003344791
1	1	0.001358225	0.888894663	0.109747112
1	1	0.000229583	0.996757804	0.003012613
1	1	0.000259918	0.994870478	0.004869604
1	1	0.000190051	0.99568961	0.00412034
1	1	0.00025059	0.99402487	0.00572454
1	1	0.000121355	0.997708572	0.002170074
1	1	0.000491578	0.978249748	0.021258674
1	1	0.000564927	0.993110503	0.006324569
1	1	0.00027666	0.996684626	0.003038714
1	1	0.00045917	0.990950267	0.008590564
1	1	0.000143622	0.93760803	0.062248347
1	1	0.000267217	0.997454535	0.002278248
1	1	0.000480321	0.989499517	0.010020162
1	1	0.002089701	0.720410304	0.277499995
1	1	0.000144622	0.999210462	0.000644916
1	1	0.00049588	0.987699646	0.011804474
1	1	0.000144966	0.998291349	0.001563685
1	1	0.000515431	0.993117438	0.006367131
1	1	0.000185062	0.996388445	0.003426493
1	1	0.001183227	0.993908388	0.004908385
1	1	0.001961183	0.964343868	0.033694949
1	1	0.000271513	0.997702908	0.002025579
1	1	0.03715108	0.900178294	0.062670626
1	1	7.81109E-05	0.99812137	0.001800519
1	1	0.133500341	0.758243091	0.108256568
1	1	0.003834204	0.981578342	0.014587454
1	1	0.000290475	0.997409176	0.00230035
1	1	0.000251855	0.995950438	0.003797707
1	1	0.000174324	0.995915188	0.003910488
1	1	0.001549793	0.990907948	0.007542258
1	1	0.000436444	0.992478376	0.00708518
1	1	0.001920853	0.980800541	0.017278606
1	1	0.000182552	0.996829819	0.002987629
1	1	0.000259535	0.992113897	0.007626568
1	1	0.000257639	0.997450641	0.00229172
1	1	4.02521E-05	0.999053001	0.000906747
1	0	0.750361407	0.19912942	0.050509173
1	1	0.000113893	0.9988481	0.001038007
1	1	0.000274753	0.997764125	0.001961122
1	1	0.000224311	0.998223328	0.001552361
1	1	0.000173898	0.996461833	0.003364269
1	1	0.000175547	0.997501003	0.00232345
1	1	0.000532078	0.978709849	0.020758073
1	1	0.112038508	0.877820938	0.010140554
1	1	0.002128125	0.93883625	0.059035625
1	1	0.005435027	0.982563078	0.012001895
1	1	0.000507209	0.701112596	0.298380195
1	1	0.000371103	0.993887948	0.005740949
1	1	0.000360262	0.997923257	0.001716481
1	1	0.01217395	0.947757234	0.040068816
1	1	0.000141225	0.998342592	0.001516184
1	1	0.000758972	0.98427909	0.014961938
1	1	0.002000089	0.990283945	0.007715966
1	1	0.000231795	0.995752157	0.004016048
1	1	7.43868E-05	0.997970157	0.001955456
1	1	0.000228151	0.994612793	0.005159055
1	1	0.000198198	0.997061925	0.002739877
1	1	0.00023084	0.996418801	0.003350359
1	1	8.79059E-05	0.998358125	0.001553969
1	1	0.00028107	0.996897207	0.002821723
1	1	0.000267417	0.995011894	0.004720689
1	1	0.000223788	0.995201948	0.004574263
1	1	0.000327613	0.99692849	0.002743897
1	1	0.000350517	0.996805074	0.002844409
1	1	0.000170371	0.9979688	0.001860829
1	1	0.006214078	0.98065175	0.013134172
1	1	0.000774462	0.995767457	0.003458081
1	1	0.000273072	0.998525178	0.001201751
1	1	0.000287753	0.995304565	0.004407681
1	1	0.000748044	0.995361967	0.003889989
1	1	0.00093419	0.996176193	0.002889618
1	1	0.001119546	0.996573512	0.002306942
1	1	0.000551393	0.98781273	0.011635877
1	1	7.77334E-05	0.997976163	0.001946104
1	1	0.000115483	0.997913073	0.001971444
1	1	0.000703982	0.996648564	0.002647453
1	1	6.18958E-05	0.998742804	0.0011953
1	1	0.000108218	0.962175319	0.037716463
1	1	0.000235122	0.99699792	0.002766958
1	1	0.000142289	0.997950573	0.001907138
1	1	0.000240691	0.99650865	0.003250659
1	1	1.40527E-05	0.999501014	0.000484933
1	1	0.000652197	0.989788723	0.00955908
1	1	8.86094E-05	0.998029489	0.001881902
1	1	0.000156682	0.997312698	0.00253062
1	1	0.000933521	0.496710907	0.502355572
1	1	0.000126192	0.997593875	0.002279933
1	1	9.51976E-05	0.998644692	0.00126011
1	1	0.000285542	0.998977753	0.000736705
1	1	1.71553E-06	0.999912621	8.56632E-05
1	1	0.000632644	0.969182131	0.030185225
1	2	4.19121E-05	0.795856331	0.204101757
1	1	0.000101036	0.996668203	0.003230762
1	2	0.004791786	0.184990277	0.810217936
1	1	0.000813968	0.996616135	0.002569897
1	1	0.000414463	0.970904725	0.028680812
1	1	8.87526E-05	0.998843343	0.001067904
1	1	0.000553695	0.965415749	0.034030556
1	1	0.000567058	0.996856506	0.002576435
1	1	0.00069291	0.785912084	0.213395006
1	2	0.000298977	0.356207164	0.643493859
1	2	0.395306613	0.194117122	0.410576265
1	1	0.000104606	0.999691296	0.000204098
1	1	0.001305793	0.9973591	0.001335106
1	1	0.000103181	0.998575633	0.001321186
1	1	0.000294149	0.996580241	0.003125611
1	1	0.000102475	0.998011136	0.001886389
1	1	0.000251072	0.996733074	0.003015854
1	2	0.152286629	0.045909151	0.80180422
1	1	1.93479E-05	0.999672103	0.00030855
1	1	0.00061137	0.992718448	0.006670182
1	1	0.000457919	0.994198283	0.005343798
1	1	6.24527E-05	0.997601748	0.002335799
1	1	0.000184578	0.998463243	0.001352179
1	1	0.000122827	0.997967903	0.00190927
1	1	0.000747314	0.981253424	0.017999262
1	1	0.003321281	0.974720301	0.021958418
1	1	1.18984E-05	0.998797389	0.001190713
1	1	0.001379953	0.952651862	0.045968185
1	1	0.000102691	0.998411343	0.001485966
1	2	0.000938836	0.034680785	0.964380378
1	1	0.002271567	0.995225984	0.002502449
1	1	8.78447E-05	0.998061361	0.001850794
1	1	8.4112E-05	0.998339882	0.001576006
1	1	0.000110824	0.996437753	0.003451423
1	1	0.00028285	0.997211713	0.002505437
1	1	7.33941E-05	0.909766424	0.090160182
1	1	0.000491689	0.92029136	0.079216952
1	1	6.37159E-05	0.961196061	0.038740223
1	1	0.000312224	0.989962126	0.00972565
1	1	0.000197266	0.997946963	0.001855771
1	1	1.52503E-05	0.999790081	0.000194669
1	1	4.62083E-05	0.998749004	0.001204788
1	1	9.42644E-06	0.999208602	0.000781972
1	1	5.14479E-05	0.999158997	0.000789555
1	1	0.000114705	0.998756995	0.001128299
1	1	3.61617E-05	0.998789454	0.001174384
1	1	0.000398655	0.995595953	0.004005392
1	1	2.58299E-05	0.999624135	0.000350036
1	1	9.85922E-05	0.997983305	0.001918103
1	1	8.44201E-06	0.999910439	8.11193E-05
1	0	0.737485693	0.185795515	0.076718792
1	1	0.000332243	0.997360838	0.002306918
1	1	0.000119532	0.998578687	0.001301781
1	1	1.30925E-05	0.999628941	0.000357967
1	1	7.70056E-06	0.998883322	0.001108977
1	1	1.01781E-05	0.999831593	0.000158229
1	1	0.010315311	0.918396596	0.071288093
1	1	3.65859E-05	0.999453795	0.000509619
1	1	0.000206072	0.998417115	0.001376813
1	2	0.257262245	0.034984181	0.707753574
1	1	0.000310108	0.965808512	0.03388138
1	1	0.000222598	0.99596518	0.003812222
1	1	0.000146218	0.999289643	0.000564139
1	2	0.001556042	0.726432228	0.272011731
1	1	4.2202E-05	0.998459225	0.001498573
1	1	7.56845E-05	0.998364732	0.001559583
1	1	0.000156695	0.982251254	0.017592051
1	1	0.000102621	0.998431895	0.001465485
1	1	2.03058E-06	0.999211211	0.000786759
1	1	0.000212872	0.998080476	0.001706653
1	1	2.12039E-05	0.999873236	0.00010556
1	1	0.000312584	0.994875394	0.004812023
1	1	3.14927E-05	0.999444945	0.000523562
1	1	4.74906E-05	0.998622645	0.001329864
1	1	8.06431E-05	0.998323553	0.001595804
1	1	4.96916E-05	0.999825755	0.000124554
1	1	8.28378E-05	0.996081932	0.00383523
1	1	4.85374E-05	0.99882489	0.001126572
1	2	0.017485542	0.278376457	0.704138001
1	2	0.071675034	0.412667623	0.515657343
1	1	0.000119761	0.998689774	0.001190465
1	1	0.000308188	0.999199649	0.000492163
1	1	0.001655973	0.942926897	0.05541713
1	1	7.64144E-06	0.999874888	0.00011747
1	1	6.78435E-05	0.99879407	0.001138087
1	1	0.012624283	0.905441051	0.081934666
1	1	0.000264842	0.996328007	0.003407151
1	1	0.000105054	0.999564655	0.000330291
1	1	0.000154952	0.988174605	0.011670443
1	1	0.000168855	0.998431406	0.001399739
1	2	0.003383723	0.762556489	0.234059788
1	1	0.000603012	0.932605086	0.066791902
1	1	0.000605304	0.991754103	0.007640593
1	1	1.10018E-05	0.998850733	0.001138265
1	1	0.00017264	0.996304571	0.003522789
1	1	0.000179825	0.997973979	0.001846196
1	1	3.86414E-05	0.997617333	0.002344026
1	1	0.004398903	0.9396009	0.056000197
1	1	4.86023E-05	0.991297458	0.008653939
1	1	0.003091278	0.984845221	0.012063502
1	1	7.56977E-05	0.998239424	0.001684878
1	1	0.000506347	0.995721043	0.00377261
1	1	0.000307348	0.980365225	0.019327427
1	1	0.000336369	0.9944135	0.005250131
1	1	0.001359329	0.988305099	0.010335571
1	1	0.000129354	0.997641333	0.002229314
1	1	0.000825898	0.995669715	0.003504387
1	1	0.000149115	0.996813601	0.003037284
1	1	0.000154361	0.982243175	0.017602464
1	1	0.00026337	0.995359018	0.004377613
1	1	0.000780303	0.784092916	0.21512678
