0	0	0.993077611	0.004371074	0.002551315
0	0	0.980653049	0.014276556	0.005070395
0	0	0.996713034	0.000396081	0.002890886
0	0	0.999158247	0.00057408	0.000267674
0	0	0.996648569	0.002703908	0.000647522
0	0	0.971521202	0.010028821	0.018449976
0	0	0.996611482	0.000705718	0.0026828
0	0	0.995586937	0.00200618	0.002406883
0	0	0.992337658	0.002026405	0.005635937
0	0	0.982314323	0.001706102	0.015979575
0	0	0.998755967	0.000512995	0.000731038
0	0	0.999260413	0.000511307	0.000228279
0	0	0.956886732	0.009995001	0.033118268
0	0	0.989673801	0.002258442	0.008067756
0	0	0.98072558	0.001609289	0.017665131
0	0	0.950841787	0.026892507	0.022265707
0	0	0.962239822	0.002173772	0.035586406
0	0	0.988691827	0.004589553	0.006718619
0	0	0.652779795	0.039454174	0.30776603
0	0	0.926815719	0.004442666	0.068741614
0	0	0.966169575	0.003100426	0.03073
0	0	0.999205666	0.000161179	0.000633155
0	0	0.934915681	0.000319901	0.064764418
0	0	0.993940425	0.001238595	0.00482098
0	0	0.998767918	0.000243296	0.000988786
0	0	0.998959731	0.000236292	0.000803976
0	0	0.991127348	0.000960158	0.007912494
0	0	0.984044807	0.001244547	0.014710646
0	0	0.998408754	0.000193218	0.001398028
0	0	0.998571578	0.000523471	0.000904951
0	0	0.979610221	0.000834314	0.019555464
0	0	0.995267516	0.000635662	0.004096822
0	0	0.999803237	3.4046E-05	0.000162717
0	2	0.000288063	0.00273963	0.996972307
0	2	0.333001449	0.005672596	0.661325955
0	0	0.995418338	0.001344286	0.003237376
0	0	0.999203848	0.000319678	0.000476474
0	0	0.954477307	0.007946757	0.037575937
0	0	0.984914141	0.002748223	0.012337637
0	0	0.984972653	0.002108157	0.012919191
0	0	0.981996107	0.00170027	0.016303623
0	0	0.994392496	0.00078626	0.004821244
0	0	0.986813855	0.011688219	0.001497926
0	0	0.887777524	0.006963771	0.105258705
0	0	0.994520788	0.002865265	0.002613946
0	0	0.985891767	0.007711761	0.006396472
0	0	0.996757395	0.000638973	0.002603632
0	0	0.988806416	0.010638703	0.000554881
0	0	0.983512218	0.000997234	0.015490548
0	0	0.982117968	0.008822554	0.009059477
0	0	0.999276539	0.000438775	0.000284686
0	0	0.980413649	0.001977977	0.017608374
0	0	0.999283611	0.000352374	0.000364015
0	0	0.987418984	0.001153839	0.011427177
0	0	0.996093684	0.00106763	0.002838686
0	0	0.947196405	0.001840259	0.050963336
0	0	0.976232012	0.023103873	0.000664115
0	0	0.970893277	0.005203422	0.023903301
0	0	0.770477823	0.006780907	0.22274127
0	0	0.998687106	0.000595736	0.000717158
0	0	0.989328083	0.000580089	0.010091828
0	0	0.998488836	0.000343573	0.001167591
0	0	0.998393361	0.000276415	0.001330224
0	0	0.996723742	0.000670369	0.002605888
0	0	0.952233832	0.012142487	0.035623681
0	0	0.988749758	0.003194854	0.008055389
0	0	0.953521663	0.038511702	0.007966635
0	0	0.998873724	0.000456406	0.00066987
0	0	0.999284665	0.000137208	0.000578128
0	2	0.474162431	0.002226097	0.523611472
0	0	0.977101725	0.001365186	0.021533089
0	0	0.996081337	0.000713929	0.003204733
0	0	0.93420798	0.000752239	0.065039781
0	0	0.98216041	0.001980312	0.015859277
0	0	0.987514823	0.00297187	0.009513307
0	0	0.99954077	0.000415986	4.32437E-05
0	0	0.988976057	0.001228962	0.009794981
0	0	0.585207241	0.407550986	0.007241773
0	0	0.997378328	0.000683335	0.001938337
0	0	0.804172269	0.021678338	0.174149393
0	0	0.618525506	0.00643234	0.375042154
0	0	0.994361446	0.000919064	0.00471949
0	0	0.983360306	0.001139142	0.015500551
0	0	0.999195334	0.000137855	0.00066681
0	0	0.959737041	0.003666213	0.036596746
0	0	0.999570233	0.000154544	0.000275223
0	0	0.997657688	0.002054454	0.000287857
0	0	0.999080178	0.00021715	0.000702672
0	0	0.996977884	0.000268187	0.002753929
0	0	0.999878195	0.000110619	1.11863E-05
0	0	0.98933278	0.000790991	0.009876229
0	0	0.98267161	0.001021707	0.016306683
0	0	0.960405015	0.002822308	0.036772677
0	0	0.998651011	0.000318735	0.001030254
0	0	0.98259987	0.016533721	0.000866409
0	0	0.996773538	0.000242883	0.002983579
0	0	0.989037444	0.004030668	0.006931888
0	0	0.984845241	0.001157178	0.013997581
0	0	0.995122545	0.00066323	0.004214226
0	0	0.986345713	0.001683049	0.011971238
0	0	0.998164683	0.000880926	0.000954391
0	0	0.894472144	0.000436108	0.105091748
0	0	0.987185648	0.002526559	0.010287794
0	0	0.991037025	0.003154885	0.005808091
0	0	0.963185379	0.005062933	0.031751688
0	0	0.990387168	0.003689518	0.005923313
0	0	0.866467202	0.011666532	0.121866265
0	0	0.995719726	0.003363445	0.000916829
0	0	0.961685009	0.002773991	0.035541
0	2	0.254345907	0.077114797	0.668539297
0	0	0.990575012	0.001811012	0.007613977
0	0	0.937759429	0.007407503	0.054833068
0	0	0.995715574	0.000527272	0.003757154
0	0	0.951835702	0.001834171	0.046330127
0	0	0.971173661	0.002263711	0.026562629
0	0	0.987466802	0.001146533	0.011386664
0	0	0.998146264	0.001085456	0.000768281
0	0	0.886776584	0.053489912	0.059733504
0	0	0.936202368	0.002861173	0.060936459
0	0	0.971195835	0.015560383	0.013243782
0	0	0.999624612	9.60468E-05	0.000279342
0	0	0.985046648	0.000803715	0.014149637
0	0	0.909951174	0.005147396	0.084901431
0	0	0.994687433	0.001339141	0.003973425
0	0	0.994701676	0.00034706	0.004951264
0	0	0.948585785	0.001556551	0.049857664
0	0	0.948526992	0.001513629	0.049959379
0	0	0.984184803	0.00140244	0.014412757
0	0	0.99716421	0.000340723	0.002495067
0	0	0.985708451	0.000452965	0.013838584
0	0	0.986038531	0.003562617	0.010398852
0	0	0.991188171	0.000928862	0.007882967
0	0	0.997115255	0.000460873	0.002423872
0	0	0.996511987	0.001340391	0.002147622
0	0	0.999732666	0.000194794	7.25404E-05
0	0	0.995646909	0.00302041	0.001332681
0	0	0.913073178	0.00333748	0.083589342
0	0	0.993895687	0.001725699	0.004378614
0	0	0.987541418	0.002156784	0.010301798
0	0	0.994553297	0.003719517	0.001727186
0	0	0.960164688	0.024325005	0.015510308
0	0	0.999172412	0.000397933	0.000429655
0	1	0.006633542	0.99330616	6.02977E-05
0	0	0.99715103	0.001238378	0.001610593
0	0	0.891820175	0.005812812	0.102367012
0	0	0.76045448	0.004561795	0.234983725
0	0	0.998596559	0.000707053	0.000696387
0	0	0.972556407	0.010458636	0.016984957
0	0	0.999532588	0.000198968	0.000268444
0	0	0.994334449	0.001808999	0.003856552
0	0	0.996514302	0.001822964	0.001662734
0	0	0.962371308	0.001521201	0.036107491
0	0	0.969922726	0.00121266	0.028864614
0	0	0.973352085	0.024550835	0.00209708
0	0	0.99382248	0.000986353	0.005191167
0	2	0.167372495	0.013023063	0.819604442
0	0	0.980716668	0.00093968	0.018343652
0	0	0.984060332	0.001669271	0.014270396
0	0	0.998958275	0.000699432	0.000342293
0	0	0.999754218	9.17956E-05	0.000153986
0	0	0.99463167	0.00287362	0.00249471
0	0	0.99940771	0.000209143	0.000383147
0	0	0.985268954	0.000752627	0.013978419
0	0	0.934253047	0.048011825	0.017735128
0	0	0.987306739	0.010601344	0.002091917
0	0	0.983533668	0.003054304	0.013412027
0	0	0.98784674	0.011783822	0.000369438
0	0	0.99182185	0.003289855	0.004888295
0	0	0.969208644	0.001658113	0.029133243
0	0	0.999211834	0.000193605	0.00059456
0	0	0.989888003	0.001570025	0.008541971
0	2	0.281218299	0.002745138	0.716036563
0	0	0.99318099	0.000673554	0.006145456
0	0	0.994665219	0.001181053	0.004153728
0	0	0.995017635	0.004604621	0.000377744
0	0	0.92879524	0.05519036	0.0160144
0	0	0.998156074	0.000524615	0.001319311
0	0	0.995692975	0.001413316	0.002893709
0	2	0.063032036	0.005889924	0.93107804
0	0	0.993197621	0.000397695	0.006404684
0	0	0.949525579	0.025750717	0.024723704
0	1	0.000317748	0.999447564	0.000234688
0	0	0.994938552	0.003037033	0.002024415
0	0	0.923265803	0.005781234	0.070952963
0	0	0.998917875	0.000668762	0.000413364
0	0	0.676075045	0.010266684	0.313658271
0	0	0.977178753	0.005575431	0.017245817
0	0	0.962185063	0.010582554	0.027232383
0	0	0.881755724	0.009552616	0.108691659
0	0	0.965244958	0.004149475	0.030605567
0	0	0.995996623	0.0005289	0.003474477
0	0	0.993676631	0.004733722	0.001589647
0	0	0.998061225	0.001187576	0.000751198
0	0	0.987093299	0.000741681	0.012165019
0	0	0.966842883	0.004928507	0.02822861
0	1	0.388083562	0.554918181	0.056998257
0	0	0.986767298	0.001418123	0.011814579
0	0	0.987837297	0.0007364	0.011426303
0	0	0.698857173	0.239235014	0.061907813
0	0	0.996900253	0.00150223	0.001597517
0	1	0.001563087	0.942054189	0.056382724
0	1	0.128895915	0.863423427	0.007680658
0	0	0.970024634	0.000738763	0.029236603
0	0	0.998960968	0.000863912	0.00017512
0	0	0.996248961	0.000936222	0.002814817
0	0	0.978743465	0.001357534	0.019899002
0	0	0.997359686	0.000996019	0.001644295
0	1	0.000222562	0.999496255	0.000281183
0	0	0.984422007	0.005517113	0.01006088
0	0	0.94249909	0.00302084	0.05448007
0	0	0.997394309	0.000831143	0.001774549
0	0	0.828242489	0.006268305	0.165489206
0	0	0.958782745	0.010015807	0.031201448
0	0	0.960040104	0.004126688	0.035833208
0	0	0.99699625	0.000672635	0.002331116
0	0	0.999610638	0.000298575	9.07875E-05
0	0	0.998561098	0.000528515	0.000910388
0	0	0.980209882	0.001536438	0.01825368
0	0	0.99916573	0.000556171	0.000278099
0	0	0.754452157	0.012442174	0.233105669
0	0	0.989586744	0.0039192	0.006494057
0	0	0.997369373	0.002119163	0.000511464
0	0	0.976968942	0.001351824	0.021679234
0	0	0.963872873	0.000937217	0.035189911
0	0	0.540865643	0.003053141	0.456081216
0	0	0.974962852	0.000467806	0.024569341
0	0	0.999897925	2.47743E-05	7.73011E-05
0	0	0.999344581	0.000236383	0.000419035
0	0	0.996788913	0.000492155	0.002718932
0	0	0.990353371	0.001063815	0.008582814
0	0	0.999910601	6.99318E-05	1.9467E-05
0	0	0.972964457	0.000841093	0.02619445
0	0	0.844937921	0.005507238	0.149554841
0	0	0.637677982	0.018359248	0.34396277
0	0	0.999684947	0.000313467	1.58549E-06
0	0	0.986593476	0.00036344	0.013043085
0	0	0.858329414	0.006452631	0.135217955
0	0	0.995807506	0.001998214	0.00219428
0	2	0.218135448	0.00883584	0.773028712
0	0	0.972812584	0.002378789	0.024808627
0	0	0.99954575	0.000278817	0.000175433
0	0	0.65434576	0.047253933	0.298400307
0	0	0.98506178	0.013585518	0.001352702
0	0	0.879340906	0.004846577	0.115812518
0	0	0.955094234	0.002748375	0.042157391
0	0	0.978767501	0.002709852	0.018522647
0	0	0.637411899	0.01756338	0.345024721
0	0	0.99979244	0.000112472	9.5088E-05
0	0	0.991158385	0.002843326	0.005998289
0	0	0.824619849	0.012482435	0.162897715
0	0	0.975327805	0.005217788	0.019454407
0	0	0.989364647	0.000829662	0.009805691
0	0	0.780014192	0.012489798	0.207496011
0	0	0.997530009	0.000288339	0.002181652
0	0	0.999744271	0.000187589	6.81393E-05
0	0	0.956050811	0.00049918	0.043450009
0	0	0.995529397	0.000702489	0.003768114
0	0	0.896724964	0.033117081	0.070157955
0	0	0.921994682	0.004684876	0.073320442
0	0	0.997717934	0.00196771	0.000314356
0	2	0.269268012	0.003818689	0.726913299
0	0	0.96461266	0.000548716	0.034838623
0	0	0.998269416	0.001192466	0.000538118
0	0	0.987964868	0.001359677	0.010675455
0	0	0.994567868	0.004763146	0.000668986
0	0	0.968038468	0.007547164	0.024414368
0	0	0.972983398	0.002475066	0.024541536
0	0	0.998056326	0.000925806	0.001017867
0	0	0.769237742	0.033012956	0.197749302
0	0	0.99527506	0.000865125	0.003859815
0	0	0.994949483	0.001965392	0.003085124
0	0	0.999446946	0.000453075	9.99787E-05
0	0	0.999839845	0.000117478	4.26766E-05
0	0	0.996816683	0.000328331	0.002854986
0	0	0.981689054	0.00093695	0.017373996
0	0	0.998526158	0.000189585	0.001284257
0	0	0.989220402	0.000865903	0.009913695
0	0	0.999312579	0.000227699	0.000459722
0	0	0.985094804	0.001133191	0.013772005
0	0	0.961005875	0.003074618	0.035919507
0	0	0.994815385	0.000489807	0.004694808
0	0	0.442946892	0.202077216	0.354975893
0	0	0.997141277	0.000552773	0.002305949
0	0	0.990246069	0.00055071	0.00920322
0	0	0.969718412	0.007967779	0.022313809
0	0	0.997993361	0.000564761	0.001441878
0	0	0.753916184	0.009007713	0.237076103
0	0	0.953827887	0.007601786	0.038570327
0	0	0.973571735	0.001729049	0.024699216
0	2	0.003280855	0.059418414	0.93730073
0	0	0.979653602	0.001036862	0.019309536
0	0	0.996754372	0.000282325	0.002963303
0	0	0.994420802	0.000676624	0.004902574
0	0	0.999791943	5.2673E-05	0.000155384
0	0	0.998371833	0.000506377	0.00112179
0	0	0.993278069	0.004653458	0.002068473
0	0	0.988197489	0.000405142	0.011397369
0	0	0.999055508	7.2513E-05	0.000871979
0	0	0.998801955	0.00013721	0.001060835
0	0	0.990217385	0.008833263	0.000949352
0	0	0.92845076	0.070853711	0.000695529
0	0	0.50927321	0.221868448	0.268858342
0	0	0.99500198	0.000828735	0.004169286
0	0	0.946440991	0.00346464	0.05009437
0	0	0.979462705	0.002475405	0.018061889
0	0	0.997289939	0.000436285	0.002273775
0	0	0.995110717	0.000703248	0.004186035
0	0	0.947436983	0.001987863	0.050575154
0	0	0.959771954	0.002594505	0.037633541
0	0	0.815613091	0.002016453	0.182370456
0	0	0.999879802	9.76305E-05	2.2567E-05
0	0	0.999929992	2.80683E-05	4.194E-05
0	0	0.863353155	0.001721204	0.134925642
0	0	0.998712192	0.000886182	0.000401626
0	0	0.909070071	0.082592773	0.008337156
0	0	0.996083071	0.0004484	0.003468529
0	0	0.998927924	0.000474346	0.000597729
0	0	0.999742996	0.00013328	0.000123724
0	0	0.995111704	0.004208284	0.000680012
0	0	0.829412266	0.003450149	0.167137585
0	0	0.991920739	0.000791159	0.007288102
0	0	0.990672012	0.00063355	0.008694438
0	0	0.929512717	0.004460498	0.066026785
0	0	0.947182834	0.002888658	0.049928508
0	0	0.933347393	0.004339146	0.062313461
0	0	0.942461777	0.005478303	0.05205992
0	0	0.984135654	0.015595209	0.000269137
0	0	0.982938181	0.000709884	0.016351935
0	2	0.178845017	0.066229078	0.754925905
0	0	0.646613321	0.000428891	0.352957787
0	0	0.996628658	0.000421717	0.002949626
0	0	0.931526424	0.004566854	0.063906722
0	0	0.999422171	0.000215688	0.000362141
0	0	0.998577452	0.000208656	0.001213892
0	0	0.997819211	0.001856276	0.000324514
0	0	0.992114521	0.000499094	0.007386386
0	0	0.997417204	0.001060424	0.001522371
0	0	0.99698481	0.000493484	0.002521706
0	0	0.99927621	0.000119903	0.000603887
0	2	0.151805353	0.004324079	0.843870568
0	0	0.938505588	0.001981767	0.059512645
0	0	0.992892276	0.003673049	0.003434675
0	0	0.994506989	0.000822133	0.004670878
0	0	0.999594404	0.000335763	6.98329E-05
0	0	0.997620553	0.001924706	0.000454741
0	0	0.991008461	0.002435917	0.006555622
0	0	0.969173246	0.001970019	0.028856734
0	0	0.996880724	0.000594301	0.002524975
0	2	0.432163421	0.04209815	0.525738429
0	0	0.859938006	0.111325718	0.028736276
0	0	0.970382901	0.0124758	0.0171413
0	0	0.996129749	0.001145771	0.00272448
0	0	0.971984997	0.004168434	0.023846569
0	0	0.946927089	0.00114159	0.051931321
0	0	0.822259528	0.008341609	0.169398863
0	1	0.005563812	0.993747878	0.00068831
0	0	0.915970282	0.002286412	0.081743306
0	0	0.989129963	0.002817995	0.008052042
0	0	0.99755094	0.000809048	0.001640011
0	0	0.949586638	0.002589402	0.04782396
0	0	0.991884863	0.000548815	0.007566322
0	0	0.974557767	0.001843717	0.023598515
0	0	0.998521901	0.000398191	0.001079908
0	0	0.571657409	0.028512423	0.399830168
0	0	0.998200074	0.000827583	0.000972343
0	2	0.322790198	0.001338571	0.675871231
0	2	0.328124926	0.004672033	0.66720304
0	0	0.996325807	0.000538738	0.003135455
0	0	0.996801122	0.001245518	0.001953361
0	0	0.917271614	0.005327082	0.077401304
0	0	0.965783423	0.030052312	0.004164264
0	2	0.432933765	0.005805959	0.561260276
0	0	0.999204517	0.00013695	0.000658533
0	0	0.997126967	0.000928002	0.001945031
0	0	0.944542978	0.010021183	0.045435839
0	0	0.999744613	0.000231633	2.37541E-05
0	0	0.865780025	0.01020146	0.124018514
0	1	0.015385911	0.981568932	0.003045156
0	2	0.005066728	0.00157113	0.993362141
0	0	0.701893966	0.001239592	0.296866442
0	0	0.95601429	0.001474285	0.042511425
0	0	0.99900744	0.000275674	0.000716886
0	0	0.966486763	0.001012343	0.032500894
0	0	0.884013445	0.007169044	0.108817511
0	0	0.935548571	0.00296398	0.061487448
0	0	0.977130343	0.003907978	0.018961679
0	0	0.972035275	0.000461807	0.027502918
0	0	0.970171745	0.002983428	0.026844826
0	0	0.767676099	0.006406851	0.22591705
0	0	0.823817662	0.00880526	0.167377078
0	0	0.959028573	0.000616203	0.040355225
0	0	0.999480783	0.000174442	0.000344775
0	0	0.994239685	0.000804913	0.004955402
0	0	0.983681958	0.001181639	0.015136403
0	2	0.146107958	0.003033587	0.850858455
0	0	0.677687153	0.031236452	0.291076394
0	0	0.93708352	0.005795446	0.057121034
0	2	0.263267895	0.029419924	0.707312181
0	0	0.901184475	0.042153174	0.056662351
0	0	0.998461959	0.001267081	0.00027096
0	0	0.99697089	0.001422508	0.001606602
0	0	0.754992041	0.223924112	0.021083847
0	0	0.99980353	7.59985E-05	0.000120472
0	0	0.91519275	0.001757926	0.083049324
0	0	0.998761357	0.000996223	0.00024242
0	0	0.948688027	0.011614798	0.039697174
0	0	0.998176697	0.000540009	0.001283294
0	0	0.9992294	0.000354369	0.000416231
0	0	0.99605223	0.000589253	0.003358518
0	0	0.998900381	0.000806021	0.000293598
0	0	0.947987775	0.000683958	0.051328267
0	0	0.996031045	4.86151E-05	0.00392034
0	0	0.935489454	0.01210199	0.052408557
0	0	0.821494991	0.068389947	0.110115062
0	0	0.979438336	0.003555442	0.017006222
0	0	0.970488372	0.023499977	0.006011651
0	0	0.98961528	0.000744767	0.009639953
0	0	0.993569624	0.001136217	0.005294159
0	0	0.935113637	0.007628323	0.057258039
0	0	0.871094796	0.001871707	0.127033497
0	0	0.992069768	0.00043705	0.007493181
0	0	0.836056358	0.011880472	0.15206317
0	0	0.976429444	0.003754302	0.019816254
0	0	0.998313056	0.000665755	0.001021188
0	0	0.999004542	0.00020642	0.000789038
0	0	0.991443928	0.001120598	0.007435474
0	0	0.981152947	0.00157606	0.017270992
0	0	0.993678461	0.000986407	0.005335132
0	0	0.995933956	0.000413657	0.003652387
0	0	0.945648766	0.018945591	0.035405643
0	0	0.999810839	6.9001E-05	0.00012016
0	0	0.994828124	0.000836666	0.00433521
0	0	0.994552984	0.000892163	0.004554854
0	0	0.985763683	0.000692683	0.013543634
0	0	0.797634889	0.005847715	0.196517397
0	0	0.998991204	0.000403268	0.000605528
0	0	0.957823252	0.001835952	0.040340796
0	0	0.93805712	0.002363423	0.059579458
0	0	0.960306454	0.038105265	0.001588281
0	0	0.96292472	0.00158087	0.035494411
0	0	0.999671473	7.61863E-05	0.000252341
0	0	0.975897359	0.000779235	0.023323406
0	2	0.263098822	0.022867798	0.71403338
0	0	0.982526566	0.003153861	0.014319574
0	0	0.995911833	0.00082676	0.003261407
0	0	0.863437613	0.020547138	0.11601525
0	0	0.99894778	0.000915305	0.000136915
0	0	0.993097211	0.004583343	0.002319446
0	0	0.984579592	0.001425204	0.013995205
0	0	0.999231578	0.000308691	0.000459731
0	0	0.955154765	0.003808264	0.041036971
0	0	0.999650687	5.69892E-05	0.000292324
0	0	0.99903037	0.000229119	0.000740511
0	0	0.998534932	0.00101968	0.000445387
0	0	0.99727568	0.001268998	0.001455322
0	0	0.998549235	0.000964644	0.000486122
0	0	0.990312659	0.002674656	0.007012685
0	0	0.931700536	0.030012425	0.03828704
0	0	0.982641385	0.000913241	0.016445374
0	0	0.979041079	0.001436305	0.019522616
0	0	0.994477825	0.002771304	0.002750872
0	2	0.372047384	0.005839944	0.622112672
0	0	0.986506111	0.00104328	0.012450609
0	0	0.857788389	0.018820702	0.123390909
0	0	0.90896223	0.002864528	0.088173242
0	0	0.856654898	0.065972313	0.077372789
0	0	0.97993654	0.004194138	0.015869322
0	2	0.055394977	0.003750124	0.940854899
0	0	0.966801653	0.008205407	0.024992939
0	0	0.906524887	0.006238991	0.087236122
0	0	0.925309635	0.00528054	0.069409825
0	0	0.972794684	0.003766978	0.023438338
0	0	0.998575368	0.00026717	0.001157462
0	0	0.949194557	0.017289749	0.033515693
0	0	0.567278389	0.014149088	0.418572523
0	0	0.991384013	0.002930585	0.005685403
0	0	0.990949606	0.00337827	0.005672124
0	0	0.996073322	0.000540436	0.003386242
0	0	0.991726205	0.000526474	0.007747321
0	0	0.999253687	8.92609E-05	0.000657053
0	0	0.999424098	0.000177033	0.00039887
0	0	0.981622757	0.002643509	0.015733734
0	0	0.834290416	0.014709324	0.151000261
0	0	0.88629951	0.008722056	0.104978434
0	0	0.910719815	0.036658132	0.052622053
0	0	0.998949004	0.00019919	0.000851806
0	2	0.107741206	0.085655386	0.806603408
0	0	0.982375511	0.003340009	0.01428448
0	0	0.978055517	0.005200041	0.016744443
0	0	0.98590258	0.003370488	0.010726932
0	2	0.22144143	0.001933164	0.776625406
0	0	0.830149788	0.041725237	0.128124975
0	0	0.95562021	0.001265238	0.043114552
0	2	0.16038486	0.027472247	0.812142893
0	0	0.969264654	0.027454709	0.003280637
0	0	0.691215954	0.037639435	0.271144611
0	2	0.321747936	0.062300437	0.615951627
0	0	0.983672839	0.001341507	0.014985654
0	0	0.998073507	0.000731635	0.001194857
0	0	0.958066541	0.002397238	0.039536221
0	0	0.992594369	0.000710222	0.006695409
0	0	0.913234562	0.071079059	0.015686379
0	0	0.636260401	0.286376654	0.077362945
0	0	0.98008668	0.001154931	0.018758388
0	0	0.992926483	0.000476902	0.006596615
0	0	0.997300086	0.000744793	0.00195512
0	0	0.985091948	0.003432315	0.011475737
0	0	0.994131553	0.000326923	0.005541524
0	0	0.998950829	0.000319086	0.000730085
0	0	0.989772807	0.000340642	0.009886552
0	0	0.729527298	0.001180569	0.269292133
0	0	0.998164562	0.000409802	0.001425636
0	0	0.997581923	0.001698481	0.000719596
0	0	0.703441633	0.010931898	0.285626469
0	0	0.579468426	0.007505313	0.413026261
0	0	0.980024784	0.002173802	0.017801413
0	0	0.987698957	0.000799537	0.011501506
0	0	0.983608021	0.015866778	0.000525202
0	0	0.999632534	5.99759E-05	0.00030749
0	0	0.997156518	0.000931562	0.00191192
0	0	0.99237394	0.001167541	0.006458519
0	0	0.998370769	0.000661282	0.00096795
0	0	0.96279859	0.001462349	0.035739061
0	0	0.99207453	0.000529034	0.007396436
0	2	0.401763455	0.003592195	0.59464435
0	0	0.980928896	0.001199734	0.01787137
0	0	0.978354317	0.001138569	0.020507115
0	0	0.914100821	0.00283273	0.083066449
0	2	0.255881067	0.003702517	0.740416417
0	0	0.634273141	0.007781738	0.357945122
0	0	0.997007406	0.00088582	0.002106775
0	0	0.962502778	0.00290472	0.034592502
0	0	0.916393143	0.00284979	0.080757066
0	0	0.999172291	0.000228876	0.000598833
0	0	0.996189787	0.000670479	0.003139733
0	0	0.983064294	0.000967901	0.015967805
0	0	0.975676646	0.000834378	0.023488976
0	0	0.6366516	0.009268509	0.354079891
0	0	0.562673841	0.061960689	0.37536547
0	0	0.983378526	0.000423371	0.016198103
0	0	0.996849159	0.000600315	0.002550526
0	0	0.875855645	0.007922456	0.116221899
0	2	0.052088523	0.041906654	0.906004823
0	0	0.997748727	0.000806139	0.001445133
0	2	0.413194367	0.001333781	0.585471851
0	0	0.993344568	0.002425112	0.00423032
0	0	0.907225963	0.00802524	0.084748797
0	0	0.979348101	0.00105273	0.019599169
0	0	0.997285877	0.000611181	0.002102942
0	2	0.35519609	0.00172335	0.64308056
0	0	0.959632979	0.0058017	0.034565321
0	0	0.988220426	0.000495348	0.011284225
0	0	0.980270591	0.002375312	0.017354098
0	0	0.990686498	0.000584089	0.008729413
0	0	0.99810958	0.000437518	0.001452902
0	0	0.991509994	0.002118544	0.006371462
0	0	0.998001026	0.001781319	0.000217655
0	0	0.99012733	0.000607765	0.009264904
0	0	0.898957308	0.003719672	0.09732302
0	0	0.86355	0.001763238	0.134686762
0	0	0.987342472	0.003376086	0.009281442
0	0	0.991633292	0.000829488	0.00753722
0	0	0.931517589	0.003707712	0.064774699
0	0	0.672842364	0.004977417	0.322180219
0	0	0.998795319	0.000437206	0.000767474
0	0	0.922425956	0.005542286	0.072031758
0	0	0.977228568	0.000683739	0.022087693
0	2	0.494849418	0.002872703	0.502277879
0	0	0.974967356	0.003428093	0.021604551
0	0	0.999250697	0.000168994	0.000580309
0	0	0.742051107	0.004865737	0.253083157
0	0	0.94140323	0.00446769	0.05412908
0	0	0.989110257	0.003703231	0.007186511
0	0	0.986730403	0.001523784	0.011745813
0	0	0.976946143	0.001364286	0.021689571
0	0	0.993461649	0.000702644	0.005835707
0	0	0.948661835	0.001331695	0.05000647
0	0	0.990186573	0.001361509	0.008451918
0	0	0.961884369	0.003879065	0.034236566
0	0	0.888951072	0.009072449	0.10197648
0	0	0.997115683	0.002564765	0.000319553
0	0	0.834213476	0.023179988	0.142606535
0	0	0.991394545	0.001312472	0.007292982
0	2	0.134400282	0.028349872	0.837249846
0	0	0.926861477	0.009609038	0.063529485
0	2	0.369987634	0.002433352	0.627579015
0	2	0.006087711	0.000573196	0.993339094
0	0	0.992389523	0.003337479	0.004272998
0	2	0.145443223	0.009261683	0.845295094
0	0	0.809125693	0.000392961	0.190481347
0	0	0.996197242	0.000552139	0.003250618
0	0	0.98622634	0.00376665	0.01000701
0	0	0.986659004	0.008909557	0.00443144
0	0	0.960862592	0.006432295	0.032705113
0	0	0.995786839	0.000361004	0.003852157
0	2	0.03400047	0.000375715	0.965623816
0	0	0.956184445	0.00194634	0.041869215
0	0	0.965808981	0.001849039	0.03234198
0	0	0.999570387	0.000225131	0.000204482
0	0	0.936304974	0.001021366	0.062673659
0	0	0.981889545	0.0021314	0.015979055
0	0	0.99753044	0.001808834	0.000660725
0	2	0.027506605	0.000813773	0.971679622
0	2	0.054675848	0.003496708	0.941827444
0	0	0.74461692	0.002008262	0.253374818
0	0	0.989578093	0.004998204	0.005423702
0	0	0.806338912	0.010986905	0.182674182
0	0	0.996589545	0.00214157	0.001268886
0	0	0.963305213	0.003899976	0.032794811
0	0	0.939629455	0.002795709	0.057574836
0	0	0.910949977	8.10238E-05	0.088968999
0	0	0.998658307	0.000836284	0.000505409
0	2	0.256610354	0.037429487	0.705960159
0	0	0.987747016	0.000596919	0.011656065
0	0	0.97418797	0.002144495	0.023667535
0	0	0.987946087	0.000941885	0.011112028
0	0	0.874283381	0.006849698	0.118866921
0	0	0.995830939	0.000305159	0.003863902
0	0	0.997915672	0.000587469	0.001496859
0	0	0.912548637	0.062981522	0.024469841
0	0	0.99996244	1.46037E-05	2.29559E-05
0	0	0.995779085	0.001297871	0.002923044
0	0	0.967883412	0.00445315	0.027663439
0	0	0.99369813	0.002500607	0.003801263
0	0	0.712150516	0.001334944	0.286514541
0	0	0.951143325	0.00202945	0.046827225
0	0	0.97401516	0.001400076	0.024584763
0	0	0.861751376	0.001729214	0.13651941
0	0	0.992950744	0.000486694	0.006562562
0	0	0.950232399	0.000354945	0.049412656
0	0	0.62072231	0.00158389	0.3776938
0	0	0.993321061	0.000651912	0.006027027
0	0	0.983000004	0.000970843	0.016029153
0	0	0.996445312	0.000279765	0.003274923
0	0	0.999892349	3.28517E-05	7.47989E-05
0	2	0.199409241	0.003587154	0.797003605
0	0	0.994497844	0.002647823	0.002854332
0	0	0.973167297	0.001338375	0.025494328
0	0	0.992630525	0.002268363	0.005101112
0	0	0.943508079	0.003236217	0.053255705
0	0	0.773189782	0.005464784	0.221345434
0	0	0.997473074	0.001850258	0.000676668
0	0	0.988309533	0.000960978	0.010729489
0	0	0.987828986	0.003990871	0.008180143
0	0	0.927622	0.003217885	0.069160115
0	0	0.946848704	0.012936326	0.04021497
0	0	0.946110738	0.001976761	0.051912501
0	0	0.998571578	0.000162468	0.001265954
0	0	0.995960381	0.001539577	0.002500042
0	0	0.996255622	0.001030974	0.002713404
0	0	0.993438335	0.001201622	0.005360043
0	0	0.535063439	0.010033057	0.454903504
0	0	0.997165549	0.002405401	0.000429049
0	2	0.464953893	0.06344277	0.471603337
0	0	0.994534444	0.000775827	0.004689729
0	0	0.992056065	0.000508332	0.007435603
0	0	0.980787167	0.001920634	0.017292199
0	0	0.976017181	0.003244561	0.020738258
0	0	0.928163694	0.009608116	0.06222819
0	0	0.993472704	0.000908561	0.005618735
0	0	0.998153377	0.000925989	0.000920634
0	0	0.992530461	0.002122422	0.005347118
0	0	0.99672249	0.001120609	0.002156901
0	0	0.953439519	0.00157787	0.044982611
0	0	0.991009711	0.00301206	0.005978229
0	0	0.931177299	0.004606875	0.064215826
0	0	0.999653282	0.000120237	0.000226482
0	0	0.972742599	0.000858576	0.026398825
0	0	0.963823429	0.001915556	0.034261015
0	0	0.99876455	0.000172531	0.001062919
0	0	0.998584775	0.00015052	0.001264705
0	0	0.983020679	0.001672016	0.015307305
0	2	0.009135479	0.00090345	0.989961071
0	0	0.998595624	0.00026024	0.001144136
0	0	0.988357444	0.000741667	0.01090089
0	0	0.955893176	0.008882172	0.035224652
0	2	0.344273646	0.006658784	0.64906757
0	0	0.804124276	0.004190642	0.191685082
0	0	0.959914363	0.000194902	0.039890734
0	0	0.98793085	0.001087643	0.010981507
0	0	0.973376612	0.000952154	0.025671234
0	1	0.25843889	0.688874609	0.0526865
0	0	0.999243386	0.000500773	0.00025584
0	0	0.982263979	0.001176519	0.016559502
0	0	0.998399525	0.000364384	0.00123609
0	0	0.992667003	0.000879673	0.006453323
0	0	0.99905965	0.000217668	0.000722682
0	0	0.977862106	0.001714752	0.020423142
0	0	0.869110617	0.015458676	0.115430707
0	0	0.997399202	0.000783136	0.001817662
0	0	0.991158776	0.000936388	0.007904836
0	0	0.96080592	0.00477633	0.03441775
0	0	0.933598122	0.001825668	0.06457621
0	2	0.345785303	0.063390758	0.59082394
0	0	0.998763857	0.001012293	0.000223849
0	0	0.994417131	0.000858865	0.004724004
0	0	0.889534455	0.001536333	0.108929212
0	0	0.993098588	0.000915971	0.005985441
0	0	0.969952792	0.017010782	0.013036426
0	0	0.996025101	0.000168162	0.003806737
0	0	0.993694391	0.00082657	0.005479039
0	0	0.995497169	0.001120239	0.003382592
0	0	0.990232617	0.002331332	0.007436051
0	0	0.973724079	0.004677333	0.021598589
0	0	0.998382053	0.000167117	0.00145083
0	0	0.978102049	0.001229385	0.020668566
0	0	0.99738839	0.000554627	0.002056983
0	0	0.998287836	0.000299974	0.00141219
0	0	0.998823033	0.00063704	0.000539926
0	0	0.814650843	0.004138608	0.181210549
0	2	0.379811582	0.00497127	0.615217148
0	0	0.99642414	0.000480597	0.003095263
0	0	0.999466985	0.000151832	0.000381182
0	0	0.996862892	0.001209628	0.00192748
0	0	0.994460758	0.000431279	0.005107963
0	2	0.30606766	0.021496845	0.672435495
0	0	0.886147932	0.012440831	0.101411237
0	0	0.965669315	0.001343424	0.032987261
0	0	0.99047762	0.000943638	0.008578742
0	0	0.993747483	0.001851291	0.004401226
0	0	0.995475087	0.001154215	0.003370699
0	2	0.189788798	0.003624121	0.806587081
0	0	0.996832727	0.000651996	0.002515277
0	2	0.05689634	0.001361968	0.941741691
0	0	0.969315416	0.001504394	0.02918019
0	0	0.988397876	0.001405208	0.010196916
0	0	0.993018368	0.001068066	0.005913567
0	2	0.061164804	0.002314218	0.936520978
0	0	0.994008874	0.001748654	0.004242472
0	0	0.856615225	0.004368802	0.139015973
0	0	0.947037582	0.00354323	0.049419188
0	0	0.994084488	0.00554847	0.000367042
0	0	0.982668622	0.000731888	0.01659949
0	0	0.987525044	0.002757713	0.009717242
0	0	0.830478484	0.007293635	0.162227881
0	0	0.992535834	0.000450482	0.007013684
0	0	0.964964298	0.002491765	0.032543938
0	0	0.99658418	0.000801423	0.002614397
0	0	0.88473717	0.003241352	0.112021478
0	0	0.971078921	0.002892172	0.026028907
0	0	0.914224247	0.005435089	0.080340664
0	0	0.825834706	0.003108669	0.171056625
0	0	0.997457374	0.000559232	0.001983394
0	0	0.704644388	0.011463789	0.283891823
0	0	0.993537802	0.001082824	0.005379375
0	0	0.998912043	0.000172867	0.00091509
0	0	0.982794387	0.000824977	0.016380636
0	0	0.811667562	0.009510447	0.178821991
0	0	0.645329871	0.014562673	0.340107456
0	0	0.988954914	0.001147917	0.009897169
0	2	0.263737806	0.001787567	0.734474627
0	0	0.983939831	0.00727588	0.008784289
0	0	0.999939382	1.93472E-05	4.12706E-05
0	0	0.999221531	0.000202397	0.000576072
0	0	0.941738179	0.001909282	0.056352539
0	0	0.996378803	0.001307775	0.002313421
0	0	0.997548437	0.001997309	0.000454254
0	2	0.388650721	0.000725482	0.610623797
0	0	0.960967078	0.002301222	0.0367317
0	0	0.81812914	0.010158596	0.171712265
0	2	0.000103253	0.000925081	0.998971666
1	1	1.93288E-05	0.999884993	9.56787E-05
1	1	1.54559E-05	0.999979035	5.50904E-06
1	1	3.50131E-05	0.999513104	0.000451883
1	1	8.22857E-06	0.999202183	0.000789589
1	1	9.1811E-05	0.995630656	0.004277533
1	1	8.28201E-06	0.999975716	1.60016E-05
1	1	1.39611E-05	0.999965579	2.04601E-05
1	1	2.8895E-06	0.999972198	2.49128E-05
1	1	0.001219293	0.998617204	0.000163502
1	1	0.00097461	0.998927246	9.81441E-05
1	1	0.003641444	0.995933451	0.000425105
1	1	5.30888E-05	0.998856548	0.001090364
1	1	0.000288729	0.992901683	0.006809588
1	1	0.000133389	0.996365731	0.00350088
1	1	0.001537229	0.997828588	0.000634183
1	1	7.96802E-05	0.999810612	0.000109708
1	1	2.75041E-05	0.999922958	4.95377E-05
1	1	1.32889E-05	0.999920029	6.66817E-05
1	1	0.001042134	0.985323816	0.01363405
1	1	0.000610496	0.998762112	0.000627392
1	1	0.00056917	0.955106961	0.044323869
1	1	0.00011224	0.997930426	0.001957334
1	1	4.47961E-05	0.999510183	0.000445021
1	1	6.9316E-05	0.999565181	0.000365503
1	1	4.43456E-05	0.999503007	0.000452647
1	1	6.51319E-05	0.998904456	0.001030412
1	1	0.000110673	0.999268298	0.00062103
1	1	9.22041E-05	0.999693597	0.000214199
1	1	3.13841E-05	0.999791518	0.000177098
1	1	9.10858E-05	0.999691435	0.000217479
1	1	1.91362E-05	0.995678672	0.004302192
1	1	3.34626E-05	0.99991918	4.73577E-05
1	1	0.000180242	0.999290275	0.000529483
1	1	0.000118053	0.923505331	0.076376616
1	1	7.45202E-05	0.999759101	0.000166379
1	1	7.14229E-05	0.9990078	0.000920777
1	1	2.88481E-05	0.999933498	3.76542E-05
1	1	5.72808E-05	0.999755802	0.000186917
1	1	8.12729E-06	0.999916802	7.50705E-05
1	1	0.000913062	0.99799566	0.001091277
1	1	0.000169639	0.999462843	0.000367518
1	1	8.85764E-05	0.999854673	5.67505E-05
1	1	0.000225718	0.999677526	9.67556E-05
1	1	9.79947E-06	0.999917821	7.23799E-05
1	1	0.022599598	0.967806457	0.009593945
1	1	0.000427031	0.999247307	0.000325661
1	1	3.68262E-05	0.998800926	0.001162247
1	1	6.88807E-05	0.999664885	0.000266234
1	1	2.3172E-05	0.999732688	0.00024414
1	1	0.000150815	0.999241382	0.000607804
1	1	0.000123757	0.999109448	0.000766795
1	1	0.000156517	0.998854611	0.000988872
1	1	1.09247E-05	0.999318505	0.00067057
1	1	3.65298E-05	0.999116871	0.000846599
1	1	0.000158472	0.999764485	7.70439E-05
1	1	9.411E-07	0.999983108	1.59506E-05
1	0	0.486795768	0.436131877	0.077072356
1	1	2.37044E-05	0.999848228	0.000128068
1	1	0.000104476	0.999843933	5.15914E-05
1	1	2.89523E-05	0.999940523	3.05252E-05
1	1	5.91826E-05	0.999318016	0.000622802
1	1	1.10433E-05	0.999915248	7.37091E-05
1	1	0.000248361	0.998472833	0.001278806
1	1	0.011683329	0.987980534	0.000336137
1	1	0.000223629	0.992110071	0.0076663
1	1	0.000475507	0.998771932	0.000752561
1	1	4.4793E-05	0.961117311	0.038837896
1	1	5.88037E-05	0.999494176	0.000447021
1	1	1.76138E-05	0.999872858	0.000109528
1	1	0.001176417	0.998719026	0.000104557
1	1	8.59328E-07	0.9999844	1.47404E-05
1	1	3.09623E-05	0.999760197	0.00020884
1	1	0.001154524	0.998134497	0.000710979
1	1	6.19361E-05	0.999192752	0.000745312
1	1	8.161E-06	0.999955642	3.61966E-05
1	1	4.89561E-05	0.999412633	0.000538411
1	1	0.000105975	0.998190595	0.001703431
1	1	0.000130408	0.997364522	0.002505069
1	1	1.61481E-05	0.999189839	0.000794013
1	1	4.45536E-05	0.999882779	7.26674E-05
1	1	4.67047E-05	0.99953372	0.000419576
1	1	5.96185E-05	0.999654818	0.000285564
1	1	0.000107769	0.998185399	0.001706832
1	1	0.000153901	0.99949952	0.000346579
1	1	3.29214E-05	0.999811287	0.000155792
1	1	0.007631612	0.991976117	0.000392272
1	1	0.000288384	0.999482943	0.000228673
1	1	0.000141652	0.99976403	9.43182E-05
1	1	1.70778E-05	0.999866924	0.000115999
1	1	0.000180978	0.999364987	0.000454035
1	1	0.000191552	0.999547856	0.000260593
1	1	3.9863E-05	0.999938682	2.14548E-05
1	1	4.52867E-05	0.99970191	0.000252803
1	1	8.16835E-06	0.999956052	3.57792E-05
1	1	7.14089E-06	0.999926966	6.58933E-05
1	1	0.000313067	0.999105779	0.000581154
1	1	0.000649456	0.994142105	0.005208439
1	1	8.21578E-06	0.998747075	0.001244709
1	1	3.33514E-05	0.999490276	0.000476373
1	1	3.24646E-06	0.999954724	4.20292E-05
1	1	2.79903E-07	0.999977024	2.2696E-05
1	1	1.67547E-06	0.999981665	1.66597E-05
1	1	3.03365E-06	0.999954836	4.21302E-05
1	1	5.65682E-06	0.999950669	4.36744E-05
1	1	7.29117E-06	0.999953592	3.91173E-05
1	1	0.002147458	0.74641742	0.251435121
1	1	7.4145E-06	0.999926962	6.56237E-05
1	1	4.36603E-06	0.99994431	5.13238E-05
1	1	1.15801E-06	0.999991602	7.23986E-06
1	1	1.54356E-07	0.999997902	1.94373E-06
1	1	8.33087E-05	0.997545014	0.002371677
1	1	6.01201E-06	0.972824259	0.027169729
1	1	2.67196E-05	0.998188951	0.001784329
1	1	0.00245079	0.544359735	0.453189475
1	1	1.76223E-05	0.999953376	2.9002E-05
1	1	0.000320868	0.982179599	0.017499533
1	1	3.01485E-05	0.999526024	0.000443828
1	1	0.00058123	0.901797977	0.097620794
1	1	1.70479E-05	0.996819482	0.003163471
1	1	9.41253E-05	0.9890764	0.010829475
1	2	0.000176888	0.15682952	0.842993592
1	1	0.195841244	0.736349117	0.067809639
1	1	3.03715E-05	0.999894123	7.55054E-05
1	1	8.10969E-05	0.999834158	8.47448E-05
1	1	3.95617E-06	0.999965612	3.04314E-05
1	1	5.99311E-05	0.999685748	0.000254321
1	1	5.28071E-06	0.999949616	4.51035E-05
1	1	3.21865E-05	0.999537614	0.000430199
1	0	0.477447768	0.236076231	0.286476001
1	1	0.000184338	0.989221341	0.010594321
1	1	0.000140135	0.999295836	0.000564029
1	1	0.00023659	0.999717964	4.54462E-05
1	1	4.36321E-05	0.999882469	7.38985E-05
1	1	1.42432E-05	0.999969835	1.59217E-05
1	1	6.11328E-05	0.999239029	0.000699838
1	1	3.86995E-05	0.998717375	0.001243925
1	1	4.58859E-05	0.99954734	0.000406774
1	1	1.11836E-06	0.999951027	4.78543E-05
1	1	2.56575E-05	0.999025602	0.000948741
1	1	4.16142E-06	0.999946027	4.9812E-05
1	2	0.00036324	0.180207368	0.819429392
1	1	0.016299097	0.970498357	0.013202546
1	1	0.000107255	0.999803229	8.95157E-05
1	1	7.84903E-06	0.999978771	1.33804E-05
1	1	2.26122E-05	0.999580604	0.000396784
1	1	7.80564E-06	0.999936596	5.5598E-05
1	1	5.39308E-05	0.985596116	0.014349953
1	1	5.82701E-05	0.999078925	0.000862805
1	1	1.81784E-05	0.99822575	0.001756072
1	1	0.000116513	0.986093385	0.013790102
1	1	2.44711E-05	0.999583477	0.000392052
1	1	2.44879E-07	0.999997083	2.67221E-06
1	1	1.72589E-06	0.999929547	6.87269E-05
1	1	1.05598E-06	0.999957091	4.18532E-05
1	1	4.2387E-06	0.999946138	4.96231E-05
1	1	1.46593E-06	0.999980472	1.80617E-05
1	1	2.06548E-06	0.999953355	4.4579E-05
1	1	3.48542E-05	0.998363683	0.001601463
1	1	1.75904E-05	0.999939912	4.24977E-05
1	1	6.74857E-06	0.999919976	7.32758E-05
1	1	1.09868E-06	0.999997024	1.87744E-06
1	1	0.077018994	0.914568225	0.008412781
1	1	1.68949E-05	0.999899742	8.33635E-05
1	1	6.90231E-06	0.999945909	4.71888E-05
1	1	1.9473E-05	0.999518728	0.000461799
1	1	8.55394E-07	0.999996142	3.00268E-06
1	1	8.99515E-07	0.99999028	8.8207E-06
1	1	0.009081636	0.974431657	0.016486706
1	1	1.76591E-05	0.999938645	4.36957E-05
1	1	5.35663E-05	0.999909937	3.64967E-05
1	2	0.057162843	0.425857206	0.516979951
1	1	0.000308635	0.606378741	0.393312624
1	1	6.0469E-05	0.999820649	0.000118882
1	1	0.000294725	0.999533163	0.000172112
1	2	0.001172476	0.01355584	0.985271685
1	1	3.10075E-06	0.999932915	6.39847E-05
1	1	7.84746E-06	0.999978767	1.33857E-05
1	1	1.58327E-05	0.994580805	0.005403362
1	1	2.17498E-05	0.99989367	8.45805E-05
1	1	3.02252E-07	0.999995597	4.1009E-06
1	1	2.32253E-05	0.999929577	4.71975E-05
1	1	5.9364E-06	0.999991811	2.25286E-06
1	1	3.6387E-05	0.999602131	0.000361482
1	1	2.65041E-05	0.999888797	8.46986E-05
1	1	1.41717E-06	0.999948761	4.98221E-05
1	1	3.04312E-06	0.999971337	2.56202E-05
1	1	1.60979E-05	0.999976659	7.24265E-06
1	1	1.33411E-05	0.996242524	0.003744135
1	1	6.55926E-07	0.999982162	1.71825E-05
1	1	0.00130074	0.951208585	0.047490675
1	1	0.010197397	0.927815119	0.061987484
1	1	4.6644E-06	0.99994834	4.69958E-05
1	1	5.84914E-06	0.999984618	9.53334E-06
1	1	4.0371E-05	0.999501838	0.000457791
1	1	3.78666E-07	0.999988256	1.13657E-05
1	1	1.60736E-05	0.999969488	1.44382E-05
1	1	0.001294211	0.991779661	0.006926128
1	1	3.22931E-05	0.999541659	0.000426048
1	1	1.23626E-05	0.999966822	2.08151E-05
1	1	1.52224E-05	0.999258981	0.000725796
1	1	4.47222E-06	0.99997388	2.16474E-05
1	1	0.000322261	0.824936476	0.174741263
1	1	0.000705978	0.959227994	0.040066028
1	1	7.97487E-05	0.999170396	0.000749856
1	1	1.07849E-06	0.999955002	4.39198E-05
1	1	3.97232E-05	0.996231502	0.003728775
1	1	2.73289E-06	0.999947857	4.94103E-05
1	1	8.37831E-06	0.999836122	0.0001555
1	1	0.001705797	0.953969943	0.04432426
1	1	2.12497E-06	0.996451237	0.003546638
1	1	0.000400533	0.999385399	0.000214068
1	1	3.12171E-06	0.999969928	2.69499E-05
1	1	0.000407602	0.998780326	0.000812073
1	1	1.4529E-05	0.999938485	4.6986E-05
1	1	0.000432192	0.99835963	0.001208178
1	1	0.000224633	0.998460133	0.001315234
1	1	3.84776E-05	0.99926613	0.000695392
1	1	2.11863E-05	0.999942722	3.60914E-05
1	1	5.59204E-05	0.994832165	0.005111915
1	1	0.000307789	0.997906245	0.001785966
1	1	2.72709E-05	0.999409031	0.000563698
1	1	0.000242093	0.98571431	0.014043597
1	1	6.24254E-05	0.994277617	0.005659958
