0	0	0.589268852	0.1944709	0.216260248
0	0	0.836393495	0.024268985	0.13933752
0	0	0.586501018	0.259063811	0.154435171
0	1	0.060353835	0.870375294	0.069270871
0	0	0.579944449	0.05548054	0.364575011
0	2	0.391069934	0.15434439	0.454585676
0	0	0.580884674	0.134296795	0.28481853
0	0	0.419395235	0.182858706	0.397746058
0	0	0.475907782	0.071394733	0.452697485
0	0	0.475765967	0.071309251	0.452924782
0	2	0.151753468	0.375311851	0.472934681
0	2	0.289350676	0.151599074	0.559050251
0	2	0.220803291	0.057018297	0.722178412
0	2	0.36320199	0.112343273	0.524454737
0	0	0.494843196	0.073020552	0.432136252
0	0	0.78301904	0.097344576	0.119636384
0	0	0.439627545	0.219868113	0.340504343
0	2	0.297580775	0.347785427	0.354633798
0	0	0.587616233	0.197053264	0.215330503
0	1	0.237896382	0.542145929	0.219957689
0	0	0.437365321	0.268343753	0.294290926
0	1	0.158383349	0.654726998	0.186889653
0	0	0.398985515	0.361233699	0.239780786
0	0	0.442568354	0.327174911	0.230256735
0	1	0.249417083	0.400024792	0.350558125
0	1	0.044291041	0.861851014	0.093857945
0	1	0.204653149	0.576293219	0.219053631
0	2	0.426537522	0.146028286	0.427434192
0	0	0.433693551	0.283167382	0.283139067
0	2	0.387485791	0.202751112	0.409763097
0	2	0.300922347	0.319274824	0.379802829
0	2	0.296674513	0.348638518	0.354686969
0	2	0.278046824	0.277657831	0.444295345
0	0	0.44968699	0.277564063	0.272748947
0	0	0.67204344	0.23460963	0.09334693
0	0	0.599409187	0.287448721	0.113142092
0	0	0.434454657	0.282249543	0.2832958
0	0	0.765806713	0.090118891	0.144074396
0	2	0.390601806	0.154947855	0.454450339
0	0	0.502000107	0.136196723	0.36180317
0	0	0.484462663	0.204024557	0.31151278
0	0	0.38311791	0.340373247	0.276508843
0	0	0.586793234	0.197013552	0.216193214
0	2	0.296742811	0.350081438	0.35317575
0	0	0.689627523	0.131611135	0.178761342
0	0	0.39524366	0.366391501	0.238364839
0	0	0.723380694	0.139817169	0.136802138
0	0	0.620305523	0.189106838	0.190587639
0	2	0.325907861	0.280539548	0.393552591
0	0	0.431416686	0.275992699	0.292590615
0	2	0.425877983	0.063488125	0.510633892
0	1	0.265964073	0.596668233	0.137367695
0	0	0.536497175	0.214575423	0.248927402
0	0	0.715176067	0.053867577	0.230956356
0	0	0.606321768	0.153516924	0.240161308
0	0	0.621557173	0.137844729	0.240598098
0	1	0.271404695	0.46229862	0.266296685
0	1	0.186650217	0.708844632	0.104505151
0	0	0.500849239	0.172070648	0.327080113
0	1	0.218418039	0.474286151	0.30729581
0	1	0.107261957	0.723336137	0.169401906
0	0	0.439144369	0.123770398	0.437085233
0	2	0.288227048	0.151934351	0.559838601
0	2	0.207842578	0.392910149	0.399247273
0	0	0.514820001	0.071365697	0.413814302
0	2	0.326282885	0.26124659	0.412470525
0	0	0.869570252	0.064347567	0.066082181
0	1	0.247967304	0.436678356	0.31535434
0	0	0.63852184	0.164211606	0.197266554
0	0	0.74919514	0.068751564	0.182053297
0	0	0.579263523	0.0558605	0.364875978
0	0	0.484840196	0.279728459	0.235431345
0	0	0.712333573	0.089967303	0.197699125
0	1	0.308547586	0.487298114	0.2041543
0	1	0.194928241	0.696823044	0.108248715
0	0	0.606617374	0.134208993	0.259173633
0	0	0.870288138	0.042666939	0.087044924
0	0	0.763671184	0.090761693	0.145567123
0	0	0.46764919	0.106061426	0.426289384
0	2	0.32676958	0.260227247	0.413003173
0	0	0.42547669	0.228083129	0.346440181
0	0	0.453015105	0.193257881	0.353727014
0	0	0.696694282	0.090889701	0.212416017
0	0	0.426594607	0.369198398	0.204206995
0	0	0.483245975	0.202052141	0.314701884
0	1	0.267465016	0.594778327	0.137756657
0	2	0.220830146	0.057048046	0.722121808
0	0	0.440837864	0.330424157	0.228737979
0	0	0.661133097	0.143934045	0.194932857
0	0	0.724087261	0.122671728	0.15324101
0	2	0.317725879	0.240901707	0.441372414
0	0	0.699026846	0.06721451	0.233758644
0	2	0.297351602	0.226697218	0.47595118
0	0	0.772228641	0.079716825	0.148054533
0	1	0.237850369	0.542366393	0.219783237
0	2	0.389034672	0.154017845	0.456947484
0	0	0.712837829	0.089599877	0.197562294
0	2	0.303637115	0.259493924	0.436868961
0	1	0.102643456	0.709145973	0.18821057
0	0	0.442836489	0.326882442	0.230281069
0	2	0.282795097	0.242723418	0.474481485
0	2	0.378661893	0.227498513	0.393839594
0	2	0.300586694	0.230819544	0.468593761
0	0	0.518566101	0.024760942	0.456672957
0	1	0.187348247	0.747750354	0.064901398
0	0	0.484747423	0.199762264	0.315490313
0	0	0.494987267	0.072793891	0.432218842
0	0	0.786870304	0.076337434	0.136792262
0	0	0.828767481	0.060053728	0.111178791
0	1	0.391508582	0.399977157	0.208514261
0	1	0.180198075	0.427843152	0.391958773
0	0	0.689838586	0.13111275	0.179048664
0	1	0.153780707	0.654078652	0.192140641
0	0	0.747438428	0.094978631	0.157582941
0	0	0.438976903	0.219762364	0.341260733
0	0	0.763677309	0.090156345	0.146166346
0	0	0.589268852	0.1944709	0.216260248
0	0	0.440537658	0.219071011	0.340391331
0	1	0.391268693	0.408215213	0.200516095
0	0	0.484439898	0.200836948	0.314723154
0	2	0.405825325	0.064891902	0.529282774
0	2	0.304020338	0.25930231	0.436677353
0	0	0.569239533	0.094528494	0.336231973
0	0	0.636694668	0.093259899	0.270045432
0	2	0.101788861	0.205162157	0.693048982
0	2	0.439141514	0.062797905	0.49806058
0	2	0.163365573	0.156568008	0.680066419
0	0	0.71168683	0.174502308	0.113810862
0	1	0.104294795	0.866724755	0.02898045
0	2	0.329961294	0.129927338	0.540111368
0	0	0.458069317	0.095394461	0.446536221
0	0	0.395280578	0.36456171	0.240157711
0	0	0.594513155	0.074280082	0.331206763
0	0	0.54554666	0.149155344	0.305297997
0	1	0.114872958	0.767874884	0.117252158
0	0	0.415070493	0.310923956	0.274005552
0	2	0.180683162	0.157992096	0.661324742
0	0	0.393907619	0.218747132	0.387345249
0	0	0.44091923	0.217165928	0.341914842
0	2	0.424471428	0.057285337	0.518243234
0	0	0.730621829	0.05481676	0.21456141
0	0	0.587998327	0.126763621	0.285238052
0	1	0.200669345	0.427715606	0.371615049
0	0	0.473441555	0.142640642	0.383917803
0	2	0.301041963	0.227113449	0.471844588
0	0	0.430115078	0.280269824	0.289615099
0	0	0.599705977	0.094797164	0.305496859
0	2	0.318431116	0.239968142	0.441600742
0	0	0.863606736	0.087866402	0.048526862
0	0	0.856254273	0.050646361	0.093099366
0	2	0.427791223	0.144075185	0.428133593
0	0	0.712836641	0.089680404	0.197482955
0	2	0.148643485	0.074503844	0.776852671
0	0	0.438815268	0.221003496	0.340181236
0	0	0.442499615	0.123068313	0.434432071
0	0	0.440075428	0.26649251	0.293432062
0	2	0.289267268	0.138096272	0.57263646
0	2	0.33751108	0.241966271	0.420522649
0	0	0.484549091	0.202414738	0.313036172
0	0	0.483159861	0.204639025	0.312201113
0	0	0.439128985	0.2196627	0.341208315
0	2	0.181253749	0.148531637	0.670214614
0	0	0.714089093	0.173089315	0.112821592
0	1	0.233856231	0.472957971	0.293185798
0	2	0.247728873	0.128655063	0.623616063
0	2	0.451025518	0.042322714	0.506651768
0	1	0.346363183	0.45622581	0.197411007
0	1	0.060131163	0.847616444	0.092252393
0	1	0.191689695	0.599968944	0.208341361
0	2	0.302743258	0.318010726	0.379246016
0	2	0.3395897	0.196849234	0.463561066
0	0	0.870043153	0.042736049	0.087220798
0	1	0.347459341	0.348747322	0.303793336
0	0	0.828978936	0.059925058	0.111096006
0	1	0.111162638	0.792659968	0.096177394
0	0	0.536312603	0.214073027	0.24961437
0	0	0.715946834	0.089246831	0.194806335
0	1	0.405591721	0.438362871	0.156045408
0	1	0.027710165	0.929734751	0.042555084
0	1	0.35707001	0.48727657	0.15565342
0	2	0.296983249	0.350119925	0.352896826
0	0	0.650640205	0.080266858	0.269092937
0	2	0.243076804	0.158392711	0.598530485
0	2	0.370887458	0.155306203	0.473806339
0	2	0.228736056	0.234011146	0.537252799
0	0	0.796021244	0.055502378	0.148476378
0	0	0.439144354	0.220793568	0.340062078
0	1	0.209069085	0.42447994	0.366450975
0	2	0.297646135	0.348244673	0.354109191
0	0	0.715105842	0.053706313	0.231187845
0	2	0.317645901	0.119490545	0.562863554
0	0	0.44048822	0.122533407	0.436978373
0	0	0.471154145	0.152884894	0.375960961
0	0	0.436434157	0.137268316	0.426297527
0	0	0.47384634	0.124422507	0.401731153
0	0	0.942510067	0.010273283	0.047216651
0	2	0.175707623	0.178988468	0.645303908
0	2	0.304948784	0.258745212	0.436306004
0	1	0.286448508	0.610610205	0.102941287
0	1	0.140047127	0.715712814	0.144240059
0	2	0.448356639	0.042317004	0.509326357
0	0	0.618450362	0.236043694	0.145505943
0	1	0.390372387	0.408748937	0.200878676
0	0	0.624667099	0.050009794	0.325323108
0	2	0.195243938	0.257481981	0.547274081
0	1	0.328994137	0.403767788	0.267238075
0	0	0.607696564	0.133937823	0.258365613
0	2	0.295174989	0.162498434	0.542326578
0	0	0.903847246	0.011381172	0.084771582
0	2	0.260952595	0.080498517	0.658548889
0	2	0.408729545	0.136244856	0.455025599
0	1	0.345721132	0.454515707	0.199763161
0	2	0.344744759	0.292073159	0.363182083
0	0	0.484616707	0.139582843	0.37580045
0	1	0.352577227	0.355622467	0.291800305
0	0	0.408529554	0.254847228	0.336623218
0	0	0.919202687	0.052842017	0.027955296
0	2	0.148663997	0.075075082	0.776260922
0	2	0.363785729	0.042282151	0.59393212
0	0	0.482736646	0.20392887	0.313334484
0	2	0.334750265	0.287517801	0.377731934
0	0	0.764043328	0.089866434	0.146090238
0	0	0.587892185	0.196869992	0.215237823
0	2	0.206608972	0.265902043	0.527488985
0	1	0.04722252	0.848925054	0.103852426
0	0	0.44029694	0.348852558	0.210850502
0	2	0.328090303	0.259923897	0.4119858
0	0	0.535556344	0.291198773	0.173244883
0	2	0.305837007	0.257766027	0.436396966
0	2	0.297354225	0.348529929	0.354115845
0	2	0.16472527	0.075836451	0.75943828
0	2	0.164396276	0.076468572	0.759135153
0	0	0.600169404	0.285977162	0.113853434
0	1	0.277541981	0.582117435	0.140340583
0	0	0.624699914	0.04999242	0.325307665
0	1	0.150741645	0.735512409	0.113745945
0	2	0.039828186	0.025893057	0.934278757
0	1	0.400820054	0.404079881	0.195100065
0	1	0.295982651	0.366977611	0.337039738
0	2	0.271298433	0.355462388	0.373239179
0	0	0.619948189	0.188695746	0.191356065
0	2	0.297231658	0.349258323	0.353510019
0	1	0.268273767	0.389556135	0.342170098
0	1	0.178164834	0.664416463	0.157418703
0	0	0.569150408	0.094636642	0.336212949
0	0	0.715088761	0.054098512	0.230812727
0	2	0.218625303	0.268126616	0.513248081
0	0	0.590435589	0.145614184	0.263950227
0	0	0.438586978	0.33180855	0.229604473
0	0	0.381281962	0.284985744	0.333732294
0	2	0.291678005	0.286302937	0.422019057
0	0	0.619549324	0.187315117	0.193135558
0	2	0.314488201	0.288428309	0.39708349
0	0	0.454995358	0.185765889	0.359238753
0	1	0.286419423	0.610670327	0.10291025
0	1	0.383552898	0.401889649	0.214557453
0	2	0.362570228	0.130375427	0.507054345
0	2	0.197664087	0.263899688	0.538436225
0	0	0.498172421	0.136298351	0.365529228
0	2	0.278254613	0.257349882	0.464395504
0	1	0.170906313	0.570045128	0.259048559
0	0	0.566095821	0.100530721	0.333373459
0	2	0.102285342	0.166895252	0.730819406
0	2	0.219617198	0.115848815	0.664533987
0	2	0.20716533	0.39608038	0.39675429
0	0	0.772497552	0.079736611	0.147765837
0	2	0.148458602	0.074956365	0.776585033
0	0	0.475422472	0.142851242	0.381726286
0	1	0.356866017	0.487631701	0.155502282
0	0	0.439279982	0.416312834	0.144407185
0	1	0.307305382	0.474727987	0.217966631
0	0	0.5028046	0.169068106	0.328127294
0	0	0.470630167	0.153864536	0.375505297
0	2	0.165066401	0.200046096	0.634887503
0	0	0.381252678	0.286306339	0.332440984
0	0	0.567153967	0.100648154	0.332197879
0	2	0.326060432	0.260677169	0.413262399
0	0	0.692771586	0.108169598	0.199058817
0	0	0.400969492	0.355805896	0.243224612
0	2	0.148677771	0.074290371	0.777031858
0	2	0.180608754	0.268226858	0.551164388
0	0	0.479104806	0.21765677	0.303238424
0	0	0.78321057	0.096776248	0.120013182
0	2	0.374632073	0.067487636	0.557880291
0	1	0.132942114	0.588698285	0.2783596
0	2	0.276555799	0.259384782	0.46405942
0	2	0.154475142	0.41601994	0.429504918
0	2	0.296108446	0.351365067	0.352526487
0	2	0.206521787	0.265789838	0.527688376
0	2	0.16659971	0.231619049	0.601781241
0	0	0.713262972	0.172422899	0.114314129
0	0	0.418545364	0.22365066	0.357803975
0	0	0.436613372	0.223351792	0.340034836
0	2	0.316929847	0.240154015	0.442916138
0	0	0.554852423	0.11309206	0.332055517
0	1	0.120777158	0.536114188	0.343108655
0	1	0.247446497	0.400812759	0.351740745
0	2	0.251055486	0.252945481	0.495999032
0	2	0.304624606	0.189252143	0.506123251
0	0	0.56868982	0.094730418	0.336579762
0	0	0.671460875	0.062337037	0.266202088
0	2	0.437951516	0.060947218	0.501101266
0	1	0.247172185	0.403543867	0.349283949
0	1	0.1964533	0.602341609	0.201205091
0	1	0.291380247	0.419821284	0.288798469
0	2	0.302215794	0.318251297	0.37953291
0	0	0.659558556	0.143132497	0.197308947
0	0	0.47897796	0.191034604	0.329987437
0	0	0.477153019	0.191012187	0.331834793
0	0	0.471020479	0.131079181	0.39790034
0	2	0.166889792	0.332797324	0.500312883
0	1	0.387699201	0.416101734	0.196199065
0	2	0.321435151	0.317124935	0.361439914
0	2	0.292795231	0.316452609	0.39075216
0	2	0.325201157	0.262419387	0.412379456
0	0	0.529165716	0.451918406	0.018915877
0	2	0.378278686	0.045246766	0.576474548
0	2	0.425877983	0.063488125	0.510633892
0	0	0.454904709	0.291893195	0.253202096
0	0	0.581835227	0.134274645	0.283890128
0	1	0.233694068	0.515642068	0.250663865
0	2	0.277918273	0.175585673	0.546496054
0	0	0.431987157	0.189028134	0.378984709
0	1	0.22082336	0.447896916	0.331279724
0	1	0.287421056	0.364179994	0.348398951
0	0	0.619653209	0.188794662	0.191552128
0	1	0.18122606	0.426898041	0.391875899
0	0	0.432093603	0.189131443	0.378774954
0	2	0.300637269	0.152933693	0.546429038
0	2	0.268907026	0.328443783	0.402649192
0	2	0.287694663	0.151653713	0.560651623
0	1	0.287178991	0.609967505	0.102853504
0	0	0.500483967	0.351698953	0.14781708
0	1	0.111818206	0.717572792	0.170609001
0	0	0.775687402	0.081511948	0.142800651
0	0	0.527927311	0.172079849	0.29999284
0	2	0.145397094	0.172098774	0.682504132
0	1	0.228430927	0.46337371	0.308195363
0	0	0.82274822	0.063348436	0.113903343
0	2	0.175163102	0.181275424	0.643561474
0	2	0.364633312	0.130046519	0.505320168
0	0	0.728924449	0.189439572	0.08163598
0	1	0.414290594	0.435749548	0.149959858
0	1	0.212818721	0.609135495	0.178045784
0	0	0.422045698	0.181637619	0.396316683
0	0	0.381819653	0.285244978	0.332935369
0	0	0.688530316	0.131757004	0.179712679
0	0	0.44852056	0.264027832	0.287451607
0	0	0.416126572	0.306215614	0.277657815
0	0	0.495608608	0.072710552	0.43168084
0	2	0.391664231	0.105278047	0.503057722
0	0	0.944031385	0.017352896	0.038615719
0	0	0.453762231	0.187255377	0.358982392
0	2	0.276765346	0.258312482	0.464922173
0	2	0.266413005	0.19865065	0.534936344
0	0	0.775837058	0.080805297	0.143357645
0	2	0.410038761	0.144481532	0.445479707
0	0	0.623870106	0.103683416	0.272446478
0	0	0.470871611	0.131234457	0.397893933
0	2	0.389629222	0.166649961	0.443720817
0	0	0.425650294	0.370227656	0.204122051
0	1	0.242313682	0.406845331	0.350840987
0	1	0.22005648	0.609588563	0.170354957
0	2	0.154365837	0.130102858	0.715531305
0	0	0.41235618	0.237694798	0.349949021
0	2	0.200655481	0.368223251	0.431121268
1	2	0.172091964	0.183759716	0.64414832
1	1	0.134144965	0.516523634	0.349331401
1	1	0.117979647	0.802484165	0.079536189
0	1	0.173048243	0.565703686	0.261248071
1	1	0.154522844	0.678335458	0.167141698
1	1	0.171095717	0.503872443	0.32503184
0	0	0.503099081	0.093436974	0.403463946
0	0	0.482820061	0.075606635	0.441573304
0	0	0.83662694	0.012403495	0.150969565
0	2	0.390033965	0.167424721	0.442541314
1	0	0.774087156	0.132354572	0.093558272
1	1	0.188411516	0.630383575	0.181204909
0	0	0.617810925	0.188591342	0.193597733
0	1	0.167065917	0.658318229	0.174615855
1	2	0.100235116	0.057732403	0.842032481
1	1	0.072292329	0.662233375	0.265474296
0	2	0.280964486	0.024579881	0.694455633
0	2	0.264081641	0.215434798	0.52048356
1	0	0.544187995	0.410548786	0.045263219
0	2	0.293894436	0.175233722	0.530871842
0	0	0.709968032	0.017018823	0.273013145
1	1	0.232489372	0.473638566	0.293872063
0	0	0.765806713	0.090118891	0.144074396
0	0	0.903758341	0.011376639	0.084865021
0	0	0.583848789	0.148538179	0.267613032
1	1	0.107255024	0.723506403	0.169238573
0	0	0.441891596	0.123317779	0.434790625
1	1	0.177681259	0.434324202	0.387994539
1	1	0.102782396	0.709467078	0.187750526
1	2	0.245735852	0.091739881	0.662524267
0	0	0.382195967	0.284073634	0.333730399
0	0	0.764096888	0.151077749	0.084825364
0	1	0.333300503	0.361963904	0.304735593
1	2	0.231317512	0.213447581	0.555234907
0	1	0.165785197	0.581315105	0.252899698
1	1	0.1400089	0.715660573	0.144330527
0	0	0.705875285	0.068349796	0.22577492
0	2	0.381928543	0.140012756	0.478058701
0	2	0.332765221	0.106169535	0.561065244
1	1	0.09730369	0.576650818	0.326045491
1	1	0.196948375	0.451259082	0.351792543
0	1	0.060060618	0.870749519	0.069189863
0	1	0.320048571	0.460205334	0.219746095
1	1	0.154185914	0.773061889	0.072752197
0	1	0.20369587	0.659530387	0.136773743
1	1	0.380120054	0.406582611	0.213297335
0	0	0.503357041	0.365695032	0.130947927
0	0	0.869661149	0.043060394	0.087278456
0	0	0.557717821	0.053836579	0.388445601
1	1	0.38638479	0.389371436	0.224243774
0	0	0.403068065	0.401579469	0.195352466
0	1	0.356519531	0.488035927	0.155444542
1	1	0.276272531	0.636056764	0.087670705
1	2	0.287330904	0.330013818	0.382655278
1	1	0.093039053	0.803373171	0.103587776
0	2	0.337393936	0.290659128	0.371946936
0	1	0.060251622	0.847532761	0.092215617
0	1	0.189424205	0.704782307	0.105793488
0	2	0.327735724	0.259487249	0.412777028
0	0	0.383631407	0.282755401	0.333613192
1	1	0.09655223	0.805033669	0.098414101
1	1	0.064565097	0.883219686	0.052215217
1	1	0.0964878	0.805301363	0.098210838
1	1	0.095928717	0.796881023	0.10719026
1	1	0.070712603	0.735701019	0.193586378
1	1	0.035874838	0.925316784	0.038808378
0	2	0.31489569	0.123475338	0.561628973
0	2	0.402856321	0.065071065	0.532072615
0	0	0.515766384	0.302461477	0.181772139
1	1	0.183639146	0.741646467	0.074714387
1	1	0.232248371	0.662557513	0.105194116
1	1	0.096511356	0.794061314	0.10942733
1	1	0.110846753	0.792623749	0.096529498
0	2	0.398170444	0.142448448	0.459381108
1	1	0.22764737	0.542830877	0.229521753
1	1	0.044305968	0.861710518	0.093983514
1	1	0.01451296	0.894479531	0.091007509
0	0	0.482783504	0.201334624	0.315881872
1	1	0.197818777	0.450947689	0.351233535
0	0	0.494654606	0.072941646	0.432403748
0	0	0.692686444	0.108199575	0.199113982
1	1	0.114660434	0.73839212	0.146947446
1	1	0.101718339	0.766939266	0.131342395
1	1	0.160876441	0.646153196	0.192970364
0	0	0.410388454	0.256391137	0.333220409
0	0	0.644401842	0.160007791	0.195590367
1	2	0.325153139	0.157353721	0.51749314
0	2	0.384469356	0.211995296	0.403535348
1	1	0.31930535	0.460470068	0.220224582
0	0	0.761776335	0.090247238	0.147976428
0	0	0.410337917	0.192882464	0.396779618
1	1	0.010041711	0.84484024	0.145118049
1	1	0.125467672	0.639987172	0.234545156
0	0	0.438179311	0.332429634	0.229391055
1	2	0.166386335	0.334859956	0.498753709
0	1	0.358203585	0.381687227	0.260109188
1	2	0.232949467	0.109302749	0.657747784
0	2	0.346122235	0.290409499	0.363468266
0	1	0.080715195	0.818707478	0.100577327
0	2	0.181500245	0.149718521	0.668781234
1	2	0.209339735	0.27266896	0.517991306
1	1	0.184740334	0.494897783	0.320361883
0	0	0.581882616	0.114590939	0.303526444
0	0	0.675265883	0.047875626	0.276858491
0	2	0.338682445	0.236456185	0.42486137
1	1	0.245140701	0.400988335	0.353870964
0	1	0.200254334	0.663141393	0.136604273
0	0	0.484571494	0.279349862	0.236078643
0	0	0.603181295	0.21570631	0.181112395
0	0	0.871128978	0.063981248	0.064889774
0	2	0.358049753	0.130591215	0.511359032
0	0	0.62127046	0.241306162	0.137423378
0	0	0.840209208	0.044972488	0.114818304
0	2	0.401083834	0.06801787	0.530898295
1	0	0.475112121	0.142188099	0.382699781
0	1	0.330670885	0.370155644	0.299173471
0	2	0.38911904	0.040796052	0.570084908
0	1	0.081865724	0.573742329	0.344391947
0	0	0.651266403	0.080295918	0.268437679
1	1	0.078836353	0.837293124	0.083870523
0	2	0.455551638	0.014908165	0.529540196
0	2	0.288541998	0.151735769	0.559722233
1	2	0.153778033	0.404442761	0.441779205
0	0	0.712420632	0.174071914	0.113507454
0	2	0.176107602	0.350371908	0.47352049
0	0	0.683691449	0.035322025	0.280986526
0	1	0.386930387	0.416690941	0.196378672
0	0	0.495815507	0.111108133	0.393076361
0	2	0.181322034	0.309969729	0.508708237
1	2	0.20329846	0.396777292	0.399924247
0	2	0.439498946	0.081388609	0.479112445
0	2	0.3599297	0.13327421	0.50679609
1	1	0.122562264	0.631071505	0.246366232
1	0	0.711707559	0.175768378	0.112524063
1	2	0.324639385	0.262621802	0.412738814
1	1	0.091461754	0.800247371	0.108290875
1	0	0.487010498	0.364266477	0.148723024
1	2	0.249245212	0.231166262	0.519588525
0	1	0.297855614	0.490393853	0.211750533
1	1	0.040323676	0.869691703	0.089984622
0	1	0.39287614	0.478949132	0.128174728
0	2	0.172959248	0.181972578	0.645068174
0	2	0.31825526	0.240387875	0.441356865
0	2	0.271264669	0.327240371	0.40149496
0	0	0.583701511	0.100946406	0.315352084
1	2	0.31375534	0.324509078	0.361735583
0	0	0.45042616	0.201924559	0.347649281
0	1	0.053647168	0.753499747	0.192853085
1	2	0.294616552	0.335282912	0.370100536
1	0	0.43359701	0.180912874	0.385490116
0	2	0.215603471	0.31023837	0.47415816
1	2	0.093795709	0.426716178	0.479488113
0	2	0.039253946	0.337056973	0.623689081
0	0	0.808930682	0.085474085	0.105595233
1	2	0.19633748	0.263626945	0.540035575
0	0	0.493625971	0.35823102	0.148143009
1	0	0.822645968	0.091261219	0.086092813
1	2	0.23383904	0.066124083	0.700036877
1	1	0.044413752	0.861477676	0.094108573
1	1	0.080101117	0.63931021	0.280588673
0	0	0.43703333	0.280005561	0.282961109
0	0	0.399381438	0.358962147	0.241656415
1	1	0.38338929	0.401758393	0.214852317
1	0	0.822332279	0.091418197	0.086249525
1	1	0.117927661	0.684625102	0.197447237
1	2	0.3241567	0.158178959	0.517664341
0	0	0.554766953	0.113029418	0.332203629
1	1	0.148654226	0.69940011	0.151945664
1	1	0.080724008	0.818223912	0.10105208
1	1	0.078243491	0.741834109	0.1799224
1	1	0.049886427	0.862253194	0.087860379
1	1	0.248980523	0.521273404	0.229746074
0	0	0.842283042	0.012893407	0.144823551
1	1	0.317570638	0.484976422	0.19745294
1	1	0.191591215	0.585967315	0.22244147
1	1	0.064550012	0.883278282	0.052171705
1	1	0.231064216	0.663942576	0.104993208
0	0	0.436593796	0.333653568	0.229752636
1	1	0.045481424	0.925657207	0.028861369
1	1	0.100839059	0.761907965	0.137252977
1	1	0.100608151	0.762370975	0.137020874
1	1	0.188208574	0.554103108	0.257688318
0	2	0.445841719	0.091511441	0.46264684
1	1	0.13113225	0.633086054	0.235781696
1	1	0.107506347	0.7235357	0.168957953
0	0	0.775597243	0.081632982	0.142769775
1	1	0.100701752	0.76201268	0.137285568
0	0	0.474211833	0.142359298	0.38342887
1	1	0.114232551	0.769727295	0.116040154
0	2	0.233498216	0.301019316	0.465482469
1	0	0.394052435	0.317883189	0.288064376
1	0	0.656476238	0.151985709	0.191538053
1	1	0.288964789	0.369003025	0.342032186
0	2	0.165896829	0.09127401	0.74282916
0	2	0.273859355	0.03674546	0.689395186
1	1	0.035788625	0.925496261	0.038715115
0	2	0.133873886	0.205757483	0.66036863
0	0	0.755700811	0.081560538	0.162738651
1	1	0.099830303	0.714777833	0.185391864
1	0	0.537218863	0.288214668	0.174566469
0	0	0.421637478	0.277562432	0.300800089
1	2	0.241181347	0.177993873	0.58082478
1	1	0.125062064	0.773178645	0.101759291
1	2	0.250382304	0.253760007	0.495857688
0	0	0.485947125	0.143609789	0.370443087
1	1	0.249506946	0.433497815	0.316995239
1	0	0.483446851	0.303457444	0.213095705
1	1	0.23259348	0.661686719	0.105719801
1	1	0.116127138	0.690409991	0.193462871
0	2	0.206860793	0.145103324	0.648035883
0	0	0.513267675	0.275365001	0.211367324
0	2	0.304763824	0.258278156	0.436958021
0	2	0.157579425	0.3427597	0.499660875
0	0	0.688198678	0.068894584	0.242906737
1	2	0.439343643	0.064256436	0.496399921
1	1	0.111458217	0.632164587	0.256377196
0	2	0.360841276	0.112138889	0.527019834
1	1	0.075822344	0.763790113	0.160387543
1	1	0.200156486	0.429104076	0.370739438
0	0	0.580713311	0.069488217	0.349798472
0	0	0.418311378	0.223726893	0.357961729
0	0	0.468146633	0.097055363	0.434798004
2	1	0.159909052	0.47149346	0.368597488
1	1	0.437046157	0.447214709	0.115739134
2	1	0.130688969	0.559822752	0.309488279
1	1	0.04460326	0.732165774	0.223230966
0	2	0.320212085	0.317628843	0.362159072
2	2	0.437250539	0.059841916	0.502907545
0	0	0.742898416	0.172355519	0.084746065
2	1	0.209747661	0.415260151	0.374992188
0	2	0.22099999	0.141622158	0.637377852
0	1	0.167749814	0.439735613	0.392514573
0	0	0.604833519	0.076306128	0.318860354
0	0	0.388802847	0.305629136	0.305568017
0	0	0.551529393	0.059697798	0.388772809
1	1	0.089467211	0.767142214	0.143390575
0	2	0.28677266	0.152244804	0.560982537
0	0	0.657425477	0.150721146	0.191853376
2	1	0.221330154	0.506110739	0.272559107
1	1	0.478656967	0.489548823	0.03179421
1	1	0.133805527	0.475319615	0.390874858
2	1	0.060815095	0.86951712	0.069667786
1	1	0.126031334	0.651534637	0.222434029
1	1	0.152305306	0.71543239	0.132262304
1	2	0.143155355	0.179330494	0.677514151
1	1	0.101330112	0.54882719	0.349842698
2	0	0.470012461	0.150333958	0.379653581
0	2	0.316665806	0.241494568	0.441839626
0	0	0.383170994	0.284115643	0.332713363
0	0	0.395341644	0.365494164	0.239164192
1	1	0.122592833	0.631102671	0.246304496
1	1	0.185524126	0.420895646	0.393580228
0	0	0.828171822	0.060462337	0.111365841
1	1	0.047036563	0.849395765	0.103567672
1	1	0.097253076	0.545289374	0.35745755
1	1	0.328235735	0.380936257	0.290828008
0	0	0.774727395	0.081876435	0.14339617
1	1	0.077607303	0.742751497	0.1796412
0	0	0.427857085	0.367965515	0.2041774
1	1	0.158227857	0.65441135	0.187360792
2	1	0.130683502	0.558289914	0.311026584
1	1	0.069449227	0.863329084	0.067221689
1	1	0.170697704	0.46908978	0.360212516
0	0	0.851327206	0.056837513	0.091835281
0	0	0.615026386	0.238189166	0.146784448
0	2	0.166763988	0.228144584	0.605091428
1	1	0.115394297	0.594758199	0.289847504
2	2	0.133447655	0.206770462	0.659781883
0	0	0.440482669	0.260987131	0.2985302
2	2	0.04721249	0.280720211	0.672067299
1	1	0.194926496	0.604270862	0.200802642
1	1	0.060015656	0.847512385	0.092471959
0	1	0.07703723	0.842765553	0.080197217
1	1	0.16167848	0.6480771	0.190244421
0	0	0.479431929	0.217152945	0.303415126
1	1	0.205293499	0.428264355	0.366442147
0	2	0.160412728	0.380220003	0.459367269
1	1	0.2104682	0.542470971	0.247060828
0	2	0.35368068	0.254345727	0.391973593
0	0	0.497714184	0.3714915	0.130794316
0	0	0.775164131	0.081416242	0.143419627
1	1	0.095768971	0.797625141	0.106605887
2	1	0.064750097	0.605730515	0.329519388
1	1	0.171018843	0.504452532	0.324528625
2	0	0.638592629	0.062101289	0.299306083
0	0	0.535673744	0.067290919	0.397035338
2	2	0.368511386	0.261980902	0.369507711
0	1	0.302849181	0.481224997	0.215925822
1	2	0.198980184	0.391860239	0.409159577
1	1	0.154622523	0.747913113	0.097464364
1	1	0.319774187	0.481263569	0.198962244
0	2	0.38154163	0.140501753	0.477956616
2	0	0.723884815	0.122441368	0.153673817
0	2	0.294035672	0.175686489	0.530277839
0	2	0.208415619	0.336613119	0.454971262
1	1	0.249826173	0.470767982	0.279405845
0	0	0.379252039	0.286460597	0.334287364
0	2	0.402177409	0.067389775	0.530432816
1	2	0.161677538	0.159334194	0.678988267
1	2	0.162954145	0.338413609	0.498632246
2	2	0.295086062	0.330685261	0.374228678
2	0	0.476012016	0.124156529	0.399831456
0	1	0.049700534	0.919854652	0.030444814
1	1	0.056761698	0.880123092	0.063115209
1	1	0.095662073	0.797851034	0.106486893
1	2	0.279342455	0.216726993	0.503930552
0	1	0.247005464	0.437383532	0.315611005
0	1	0.205076217	0.427255289	0.367668494
1	1	0.179731695	0.429089343	0.391178961
2	0	0.422797219	0.228718657	0.348484125
2	2	0.162063593	0.158346997	0.67958941
0	2	0.294990953	0.162478338	0.542530708
1	0	0.771478634	0.080447836	0.14807353
1	1	0.172734386	0.56620436	0.261061255
0	0	0.569133068	0.094529719	0.336337214
0	2	0.144215633	0.177063714	0.678720653
2	2	0.037500025	0.007088981	0.955410994
0	1	0.382370523	0.410013503	0.207615974
1	1	0.117918633	0.684846578	0.197234789
2	2	0.322633136	0.300340213	0.377026651
1	1	0.195747902	0.603247534	0.201004564
0	2	0.270393055	0.148068745	0.581538199
1	1	0.18741548	0.55569966	0.25688486
1	1	0.120417364	0.543464148	0.336118488
0	2	0.377865543	0.228021159	0.394113298
2	2	0.127917862	0.313339842	0.558742296
2	2	0.265733194	0.198878239	0.535388566
1	1	0.199726568	0.584495611	0.215777821
2	2	0.162091479	0.339529508	0.498379014
2	2	0.148894064	0.07442077	0.776685165
0	0	0.621354138	0.18550859	0.193137272
2	2	0.331335161	0.318980648	0.349684191
0	2	0.277805856	0.278195056	0.443999088
2	2	0.162193913	0.060454597	0.77735149
0	2	0.399950083	0.067413126	0.53263679
0	0	0.702639932	0.044649565	0.252710502
0	0	0.713010155	0.13603275	0.150957096
0	0	0.51880939	0.166957043	0.314233567
0	0	0.449283249	0.264212455	0.286504296
1	0	0.541518552	0.091769255	0.366712193
2	1	0.131174343	0.557814963	0.311010695
1	1	0.222891495	0.543584453	0.233524053
1	1	0.168110064	0.576467469	0.255422467
1	1	0.249723506	0.434525368	0.315751126
0	0	0.432887099	0.188741236	0.378371665
0	0	0.711196861	0.175116115	0.113687024
2	1	0.170374873	0.468905448	0.360719679
1	1	0.252608949	0.51643149	0.230959561
0	2	0.354243785	0.193076278	0.452679937
2	2	0.204817115	0.285892956	0.509289929
1	1	0.152024518	0.65533189	0.192643592
0	2	0.143898122	0.380583485	0.475518393
1	1	0.097391668	0.575385736	0.327222596
0	0	0.484291969	0.287059056	0.228648975
0	1	0.405453021	0.438695264	0.155851715
0	0	0.587129958	0.196163047	0.216706995
2	2	0.213308962	0.374518665	0.412172373
0	1	0.17097675	0.505287504	0.323735746
1	1	0.22790266	0.542570813	0.229526527
0	0	0.492941162	0.265360643	0.241698195
1	2	0.202753673	0.209325783	0.587920544
1	1	0.21463746	0.436090754	0.349271785
2	2	0.301540044	0.319131366	0.37932859
1	1	0.135979386	0.50416485	0.359855765
1	2	0.308559727	0.135858708	0.555581565
0	0	0.71167585	0.175444463	0.112879688
2	2	0.205414988	0.239327347	0.555257665
1	1	0.168091843	0.575541028	0.256367129
1	2	0.309650845	0.254434989	0.435914166
0	2	0.310280279	0.158234168	0.531485552
2	1	0.339895052	0.346310891	0.313794057
1	2	0.398610294	0.067395903	0.533993803
0	0	0.700925514	0.132356842	0.166717644
1	1	0.282257251	0.529916206	0.187826543
1	1	0.204730576	0.428587473	0.366681951
0	1	0.078797265	0.724207746	0.196994989
1	1	0.114387625	0.769924839	0.115687536
2	1	0.244352007	0.485029559	0.270618434
1	1	0.091398488	0.7111824	0.197419111
1	1	0.069169634	0.509312589	0.421517777
2	1	0.229409233	0.524375197	0.24621557
1	1	0.067120285	0.552683944	0.380195771
2	1	0.132618518	0.55395127	0.313430211
0	2	0.177891842	0.312584782	0.509523377
0	2	0.465521421	0.067044603	0.467433977
1	2	0.213519199	0.374438195	0.412042606
1	1	0.060029759	0.850003466	0.089966774
0	1	0.248031821	0.434570006	0.317398172
2	1	0.028875873	0.94662821	0.024495916
2	2	0.240886373	0.358929267	0.40018436
2	0	0.469698923	0.136481886	0.393819192
1	1	0.164500205	0.729173585	0.10632621
1	1	0.101576757	0.767865614	0.13055763
0	2	0.238085103	0.179007586	0.58290731
1	1	0.167985346	0.488518212	0.343496442
1	1	0.291359667	0.374300321	0.334340011
2	2	0.196785872	0.196707174	0.606506954
2	1	0.24819014	0.43576153	0.31604833
0	0	0.633955618	0.042647939	0.323396443
0	0	0.478695408	0.217688361	0.303616231
1	1	0.189255547	0.689452775	0.121291678
2	1	0.153293708	0.442285563	0.404420729
2	2	0.193441499	0.032942879	0.773615621
2	2	0.357834152	0.242443724	0.399722124
2	2	0.209422745	0.142730025	0.64784723
2	1	0.064766453	0.685801188	0.249432359
1	2	0.190723109	0.255909198	0.553367693
0	2	0.409059386	0.135593351	0.455347263
1	1	0.130883543	0.560095857	0.3090206
0	0	0.656550405	0.170119217	0.173330377
0	1	0.276247044	0.524316523	0.199436433
1	1	0.080149143	0.637968676	0.281882181
0	1	0.386930387	0.416690941	0.196378672
0	2	0.291305669	0.328085132	0.380609199
1	0	0.609197275	0.27803365	0.112769075
2	2	0.127518509	0.314870526	0.557610965
0	0	0.485212817	0.139726591	0.375060592
1	1	0.243253692	0.401217991	0.355528317
2	2	0.207205887	0.342719704	0.450074409
1	1	0.083150107	0.801790611	0.115059282
1	2	0.180776649	0.149300684	0.669922668
0	2	0.346615004	0.08088389	0.572501106
0	0	0.499788821	0.146993101	0.353218078
0	0	0.654442496	0.140665358	0.204892146
0	2	0.137018251	0.307512008	0.555469741
2	2	0.124360654	0.213361059	0.662278288
2	0	0.617407738	0.142114013	0.240478249
0	0	0.586501018	0.259063811	0.154435171
0	1	0.152630748	0.441828409	0.405540843
1	0	0.445453525	0.267198792	0.287347683
1	2	0.244645252	0.092398358	0.66295639
2	1	0.10377039	0.736994678	0.159234932
1	1	0.093308858	0.802647022	0.10404412
1	1	0.307101765	0.488763717	0.204134518
1	1	0.11234997	0.488148046	0.399501984
1	1	0.318505639	0.461711474	0.219782887
1	1	0.359811982	0.389506916	0.250681102
1	0	0.639012802	0.24698423	0.114002969
0	1	0.147346649	0.715433009	0.137220342
1	1	0.103368192	0.708037668	0.18859414
1	1	0.187000686	0.63068863	0.182310684
1	1	0.186616159	0.750060508	0.063323334
1	1	0.191708065	0.446426029	0.361865906
1	2	0.253268719	0.240724002	0.506007279
1	1	0.1682154	0.43888846	0.39289614
0	0	0.530786491	0.148496272	0.320717237
2	2	0.379069159	0.202455208	0.418475634
0	1	0.117330144	0.598778475	0.283891381
0	0	0.473130888	0.071971634	0.454897478
1	1	0.111437049	0.718280276	0.170282675
0	0	0.556860956	0.053969311	0.389169732
0	0	0.772311239	0.079781179	0.147907581
1	1	0.28492807	0.568804485	0.146267445
2	2	0.172995892	0.263503816	0.563500291
1	1	0.191939342	0.544342909	0.263717748
2	1	0.185169416	0.465062203	0.349768381
1	1	0.060745905	0.838235997	0.101018097
1	1	0.437046157	0.447214709	0.115739134
1	0	0.56306455	0.190279544	0.246655907
0	2	0.230838266	0.194594386	0.574567348
2	1	0.093006158	0.568479756	0.338514086
2	2	0.219550178	0.140313725	0.640136098
0	0	0.454797751	0.291095915	0.254106334
1	2	0.12417035	0.213439712	0.662389938
2	1	0.116464239	0.442121295	0.441414466
0	0	0.653807123	0.140781971	0.205410905
2	0	0.517957751	0.086564836	0.395477414
2	2	0.281659079	0.243349188	0.474991733
1	1	0.114414808	0.769568915	0.116016278
1	1	0.139776602	0.716189965	0.144033433
2	2	0.138439198	0.092529844	0.769030958
1	1	0.165888727	0.581154848	0.252956425
2	2	0.148773221	0.07462855	0.77659823
1	1	0.101366894	0.767966832	0.130666274
1	1	0.130200828	0.561312669	0.308486503
0	1	0.268822639	0.494700153	0.236477207
2	1	0.033948968	0.860366507	0.105684524
0	2	0.302871612	0.15304148	0.544086909
2	0	0.391952	0.21910244	0.38894556
1	2	0.228193	0.201319211	0.570487788
1	2	0.305931994	0.088744622	0.605323384
1	1	0.078271766	0.838057694	0.08367054
2	2	0.132588601	0.264873171	0.602538228
1	1	0.044357895	0.861341206	0.094300898
1	1	0.185695399	0.617579429	0.196725172
1	1	0.319659262	0.460796089	0.219544649
0	0	0.772342933	0.079728624	0.147928443
1	1	0.197833931	0.449991163	0.352174906
1	1	0.039128822	0.912565007	0.048306171
0	0	0.895332879	0.030063012	0.074604109
1	1	0.119249174	0.552257932	0.328492894
0	0	0.349257699	0.308126385	0.342615916
0	0	0.456237389	0.311628965	0.232133646
1	1	0.156996915	0.748915495	0.09408759
1	2	0.324569704	0.157779789	0.517650507
0	0	0.49818162	0.371097455	0.130720925
2	0	0.419087258	0.211956094	0.368956648
2	0	0.427935728	0.144513513	0.427550759
2	0	0.453233824	0.175652596	0.37111358
0	1	0.1580697	0.687207354	0.154722946
1	2	0.36868738	0.261739328	0.369573292
2	2	0.076962864	0.423529435	0.499507701
2	2	0.176071075	0.246383126	0.5775458
1	1	0.090857799	0.763639357	0.145502844
1	1	0.185767043	0.558689258	0.255543699
0	2	0.148709193	0.074172442	0.777118365
1	1	0.03589836	0.925275582	0.038826058
0	0	0.529990603	0.101723594	0.368285803
2	1	0.186652827	0.630901881	0.182445291
1	1	0.120400874	0.538413466	0.341185661
2	1	0.250551347	0.517372892	0.232075761
0	2	0.270891508	0.32780483	0.401303662
0	2	0.345206321	0.257711894	0.397081786
1	0	0.736635562	0.104667984	0.158696454
1	1	0.127958396	0.635622718	0.236418887
2	2	0.057555761	0.458313863	0.484130375
2	2	0.190116774	0.233980665	0.575902562
1	1	0.030746531	0.859264821	0.109988648
2	1	0.108038608	0.6416793	0.250282091
1	2	0.210730572	0.086815086	0.702454342
0	2	0.316640239	0.241644161	0.4417156
2	2	0.317914424	0.240274553	0.441811023
2	0	0.371783771	0.309145619	0.31907061
0	2	0.297136662	0.34904197	0.353821368
1	1	0.046743727	0.850292206	0.102964067
1	1	0.017245232	0.760697421	0.222057348
0	1	0.073594722	0.872422055	0.053983223
1	1	0.152243599	0.715428643	0.132327758
2	1	0.201884255	0.411823367	0.386292378
1	2	0.207594941	0.340763532	0.451641527
0	0	0.484038616	0.203723705	0.312237679
2	2	0.132576321	0.264398779	0.6030249
1	1	0.182594869	0.684760996	0.132644135
1	1	0.049769785	0.861614601	0.088615614
2	1	0.226977702	0.461163104	0.311859194
1	1	0.116923024	0.68746836	0.195608616
1	1	0.255387167	0.513875334	0.230737499
2	1	0.210517477	0.519604881	0.269877642
1	1	0.254578866	0.514353449	0.231067684
0	2	0.268739417	0.358684152	0.372576431
1	1	0.014382264	0.93879374	0.046823996
1	1	0.034520604	0.856587416	0.108891979
2	0	0.412783667	0.237988808	0.349227526
2	1	0.227147153	0.713725233	0.059127614
1	1	0.070782939	0.735108421	0.19410864
1	2	0.162307979	0.338896799	0.498795222
0	0	0.586738042	0.055388858	0.3578731
1	1	0.289268594	0.368579213	0.342152193
2	1	0.205454169	0.397670188	0.396875643
1	1	0.092945291	0.825765681	0.081289028
2	2	0.070339553	0.45274736	0.476913087
0	1	0.27664068	0.487904398	0.235454922
1	1	0.172543192	0.500820419	0.326636389
1	2	0.170362154	0.239517502	0.590120344
0	0	0.453116835	0.187082558	0.359800606
2	2	0.279125417	0.214811565	0.506063018
1	2	0.12423239	0.213973875	0.661793735
2	1	0.198119942	0.548656529	0.25322353
1	1	0.165988327	0.580574116	0.253437557
0	0	0.870304338	0.064196132	0.06549953
0	2	0.330644482	0.273620942	0.395734576
1	0	0.604703182	0.221038684	0.174258134
0	2	0.331841813	0.295910898	0.372247289
1	1	0.242211311	0.564765461	0.193023228
0	0	0.455021923	0.291355917	0.25362216
0	0	0.438193162	0.220712251	0.341094587
1	2	0.259667458	0.299616045	0.440716497
1	0	0.381318277	0.284984388	0.333697335
1	1	0.131719828	0.540652719	0.327627453
0	0	0.479252658	0.217506324	0.303241018
1	1	0.111377415	0.633224214	0.255398372
2	1	0.078754389	0.796903837	0.124341774
1	1	0.118125589	0.684609339	0.197265072
1	2	0.376335561	0.232870195	0.390794245
1	1	0.097755772	0.768601204	0.133643024
2	2	0.236133001	0.359349413	0.404517586
1	1	0.092953741	0.803439562	0.103606696
1	1	0.107986281	0.64220283	0.249810889
0	1	0.277522789	0.459253824	0.263223387
1	1	0.314202162	0.641645909	0.044151929
2	0	0.65714704	0.150792964	0.192059995
2	2	0.205519474	0.396843023	0.397637503
0	0	0.759028507	0.136392852	0.104578641
2	1	0.121472444	0.596504891	0.282022665
1	1	0.243961708	0.556079505	0.199958787
1	1	0.053763439	0.835970778	0.110265783
1	1	0.289986605	0.367320488	0.342692907
0	2	0.413493036	0.142499811	0.444007153
0	0	0.429935426	0.279816778	0.290247796
1	2	0.197596092	0.210866452	0.591537456
0	0	0.671814667	0.18208662	0.146098713
1	2	0.161705331	0.341202362	0.497092307
0	2	0.207146175	0.264257684	0.528596141
1	1	0.18484581	0.560215772	0.254938418
2	2	0.301527286	0.31889456	0.379578154
1	0	0.707868515	0.127722298	0.164409187
0	2	0.219887176	0.268731994	0.51138083
1	2	0.344849056	0.292512325	0.36263862
0	0	0.439578807	0.220702803	0.339718391
2	0	0.71333783	0.134270326	0.152391844
0	2	0.25920257	0.138284047	0.602513384
1	1	0.197092813	0.554448956	0.248458231
1	2	0.124326411	0.213643866	0.662029723
0	0	0.498010722	0.244746164	0.257243114
1	1	0.186071513	0.558375167	0.25555332
1	1	0.101924149	0.677987535	0.220088316
1	1	0.24253891	0.488608791	0.268852298
1	2	0.220097631	0.140987498	0.638914871
1	1	0.186091414	0.558379045	0.255529541
1	1	0.03589836	0.925275582	0.038826058
0	0	0.750577373	0.049617458	0.19980517
1	1	0.313174631	0.357330442	0.329494928
0	1	0.198417069	0.665322059	0.136260872
0	1	0.20128281	0.662559877	0.136157313
1	1	0.147840312	0.803946494	0.048213194
1	1	0.042926525	0.848601706	0.108471769
1	2	0.214585259	0.372637888	0.412776853
