0	0	0.985779563	0.013042754	0.000245817	0.000931865
0	0	0.99772896	0.001276576	8.81938E-05	0.00090627
0	0	0.998234082	0.001374497	6.44921E-05	0.000326929
0	0	0.998982426	0.000573979	0.000106996	0.000336599
0	0	0.995543866	0.003343403	0.000466121	0.000646611
0	0	0.998681245	0.000932427	9.09392E-05	0.000295388
0	0	0.9975663	0.002226918	9.08649E-05	0.000115917
0	0	0.995345884	0.003551927	0.000232839	0.00086935
0	0	0.996771289	0.002778528	9.70743E-05	0.000353109
0	0	0.996871825	0.002365104	0.000248683	0.000514388
2	2	0.002703543	0.003479759	0.986697017	0.007119682
0	0	0.998005711	0.001302596	0.000206565	0.000485129
0	0	0.783730373	0.196756131	0.00252961	0.016983887
0	0	0.999200788	0.000630057	5.01797E-05	0.000118975
0	0	0.996376037	0.002801695	0.000205076	0.000617192
0	0	0.993373797	0.004063753	0.000552505	0.002009944
0	0	0.995980957	0.003193215	0.000147803	0.000678024
2	2	0.017576267	0.154292399	0.805086319	0.023045016
2	2	0.008139126	0.072732099	0.912312707	0.006816068
2	2	0.001795846	0.00207981	0.991656185	0.004468159
0	0	0.993009951	0.003718204	0.000709454	0.002562391
2	2	0.000788753	0.001572235	0.995254252	0.002384759
0	0	0.999199284	0.000169459	3.85443E-05	0.000592713
0	0	0.995726535	0.003355406	0.000289753	0.000628306
2	2	0.001835805	0.002679374	0.994144938	0.001339884
0	0	0.99639661	0.002658722	0.000238961	0.000705707
0	0	0.996494853	0.00282821	0.000163514	0.000513423
0	0	0.907589791	0.080833583	0.002096549	0.009480078
2	2	0.018738418	0.007794948	0.957835325	0.015631309
2	2	0.00246776	0.003737851	0.988225415	0.005568974
0	0	0.80842786	0.018263261	0.051495347	0.121813532
2	2	0.003611913	0.001514882	0.988152875	0.006720331
0	0	0.997357274	0.001887605	0.000159583	0.000595537
2	2	0.002908175	0.001460861	0.991804177	0.003826788
2	2	0.004111797	0.058965957	0.929419566	0.00750268
0	0	0.966107052	0.004081541	0.004570281	0.025241126
2	2	0.01340902	0.008330534	0.970709842	0.007550604
2	2	0.010590776	0.165767042	0.718081766	0.105560415
2	2	0.002159473	0.001756572	0.991643912	0.004440043
0	0	0.946229835	0.050987754	0.000395773	0.002386638
0	0	0.998206133	0.001452316	0.000112552	0.000228998
0	0	0.996630081	0.002278186	0.000518705	0.000573028
2	2	0.005912522	0.005584375	0.979823529	0.008679574
2	2	0.00150625	0.00098032	0.994881221	0.002632209
0	0	0.997839362	0.001525454	0.000196733	0.000438451
2	2	0.001880173	0.001769795	0.991643443	0.00470659
2	2	0.002978158	0.001580759	0.993073889	0.002367193
0	0	0.997709706	0.001280003	0.000287068	0.000723223
0	0	0.997183621	0.002149069	0.000212404	0.000454906
0	0	0.977557834	0.009070773	0.002443075	0.010928319
2	2	0.002864782	0.002779837	0.988602548	0.005752833
0	0	0.988379095	0.008327525	0.000914175	0.002379205
2	2	0.005146435	0.003390252	0.985455839	0.006007474
2	2	0.002702546	0.002715007	0.987418977	0.00716347
2	2	0.003356041	0.002919353	0.986794592	0.006930014
0	0	0.955764734	0.015419174	0.009204678	0.019611415
0	0	0.996981254	0.001928287	0.00045966	0.000630799
0	0	0.960365073	0.012898532	0.019885951	0.006850444
0	0	0.993637156	0.003550087	0.000869682	0.001943076
2	2	0.005409548	0.006850116	0.979620859	0.008119476
2	2	0.005637406	0.005353358	0.984096535	0.004912702
2	2	0.011444706	0.011553948	0.946458599	0.030542747
0	0	0.994475547	0.004230903	0.000608788	0.000684762
0	0	0.99642146	0.002248516	0.000431525	0.000898499
2	2	0.004887653	0.001672655	0.987535208	0.005904485
2	2	0.00068598	0.006453312	0.98820826	0.004652448
0	0	0.996472673	0.00284346	7.17779E-05	0.000612089
2	2	0.002450921	0.001865005	0.991048945	0.004635129
0	0	0.998632841	0.00088275	4.33212E-05	0.000441087
2	2	0.001200893	0.001268031	0.993530794	0.004000283
0	0	0.801493986	0.186620561	0.007527609	0.004357844
0	0	0.99782282	0.001525734	0.000175868	0.000475578
0	0	0.998613746	0.000787232	0.00027	0.000329022
2	2	0.000663877	0.000497451	0.99689157	0.001947102
0	0	0.996896556	0.002302158	0.000208221	0.000593064
0	0	0.995517309	0.003735428	0.000227789	0.000519475
0	0	0.998119838	0.001492382	6.13459E-05	0.000326434
0	0	0.982867119	0.014220348	0.001488954	0.001423579
0	0	0.995332442	0.002843048	0.000548196	0.001276315
0	0	0.99672584	0.002604852	0.000251497	0.000417812
2	2	0.006949227	0.007177352	0.973337095	0.012536326
2	2	0.010030938	0.008787885	0.901512689	0.079668487
0	0	0.937178266	0.046264435	0.005613495	0.010943805
0	0	0.994456187	0.003640773	0.000569154	0.001333885
2	2	0.001998345	0.002147747	0.99140117	0.004452738
0	0	0.998854564	0.000921096	0.000101551	0.000122789
0	0	0.9967964	0.002380824	0.000218941	0.000603836
0	0	0.997902585	0.001765185	0.000143009	0.00018922
0	0	0.976087094	0.004994572	0.000285005	0.018633328
2	2	0.002207348	0.001377254	0.992564172	0.003851226
0	0	0.966448955	0.009319682	0.012035113	0.012196249
2	2	0.028887877	0.314009116	0.530288935	0.126814072
2	2	0.001540643	0.003424653	0.993565677	0.001469027
0	0	0.992487431	0.003793596	0.000732138	0.002986835
0	0	0.997981896	0.00130674	0.000198818	0.000512546
2	2	0.000731179	0.000964065	0.996354806	0.001949949
0	0	0.997436653	0.001723727	0.000241349	0.000598271
0	0	0.997717126	0.001938801	0.000126132	0.000217941
0	0	0.921732325	0.062418073	0.002475036	0.013374566
2	2	0.001172207	0.002368812	0.991965676	0.004493305
0	0	0.991826699	0.004286405	0.000631062	0.003255834
2	2	0.001164039	0.001283506	0.995052692	0.002499762
2	0	0.357020885	0.060757728	0.285914919	0.296306468
0	0	0.99549881	0.00143698	0.000277549	0.002786661
2	2	0.018732576	0.009168411	0.93641995	0.035679063
2	2	0.001213472	0.004254534	0.991565783	0.002966211
0	0	0.775639705	0.206187947	0.00094345	0.017228898
0	0	0.998810934	0.000939663	5.39696E-05	0.000195434
0	0	0.99555481	0.00304774	0.000700193	0.000697258
2	2	0.001539914	0.007175887	0.989031731	0.002252468
2	2	0.000814525	0.000796642	0.997098823	0.00129001
2	2	0.002773811	0.000981496	0.992396044	0.003848649
2	2	0.001679003	0.001526076	0.99346616	0.00332876
0	0	0.996932621	0.001961252	0.000356003	0.000750124
2	2	0.000305608	0.001552938	0.996798531	0.001342923
0	0	0.996111298	0.002217009	0.000505483	0.00116621
0	0	0.582302811	0.410013713	0.002131851	0.005551625
0	0	0.802046156	0.01762408	0.163116743	0.017213021
0	0	0.983296487	0.005724245	0.001758939	0.009220329
0	0	0.998114802	0.001238707	0.000161503	0.000484988
2	2	0.002492272	0.014206431	0.980825668	0.00247563
2	2	0.001420079	0.001089602	0.993875968	0.003614351
0	0	0.996342634	0.00297514	0.000279624	0.000402601
2	2	0.096240902	0.098411183	0.637181435	0.16816648
0	0	0.999748036	0.00015586	2.61137E-05	6.99904E-05
2	2	0.001725689	0.001838824	0.992995643	0.003439845
2	2	0.002848265	0.016949023	0.975265947	0.004936765
2	2	0.006065639	0.008725414	0.981262404	0.003946543
0	0	0.953881995	0.02613146	0.00243328	0.017553265
0	0	0.99851586	0.001131869	0.000146632	0.00020564
2	2	0.008528288	0.017612144	0.966797141	0.007062427
0	0	0.994713978	0.004697147	0.000275121	0.000313754
0	0	0.995091514	0.003394426	0.00052358	0.00099048
0	0	0.995227847	0.003300823	0.000494193	0.000977137
2	2	0.006748967	0.018221268	0.966701214	0.008328551
0	0	0.997756051	0.001614635	0.00016588	0.000463434
2	2	0.000327833	0.002890556	0.989350697	0.007430914
2	2	0.004213203	0.004045168	0.983013744	0.008727885
0	0	0.922237561	0.077007502	0.000121311	0.000633626
2	2	0.001958007	0.000932233	0.99399009	0.00311967
2	2	0.003129721	0.009987595	0.972182739	0.014699946
0	0	0.998109536	0.001228831	0.000269298	0.000392336
2	2	0.000802951	0.015794134	0.97832176	0.005081155
2	2	0.039443009	0.002096893	0.951421163	0.007038935
2	2	0.0014959	0.001954487	0.992798593	0.00375102
2	3	0.033916423	0.079758182	0.211536876	0.674788519
2	2	0.002264369	0.004608933	0.974959887	0.01816681
0	0	0.996835743	0.002636325	0.000179117	0.000348815
0	0	0.997794903	0.001620035	0.000119845	0.000465217
2	2	0.002833875	0.001957651	0.988160466	0.007048009
2	2	0.003685436	0.003552277	0.989885169	0.002877118
0	0	0.996209175	0.003012762	0.000182913	0.000595149
2	2	0.000718374	0.002063152	0.995788673	0.001429801
0	0	0.997121435	0.002070671	0.000221479	0.000586415
2	2	0.001182377	0.002412652	0.992301117	0.004103854
0	0	0.993321644	0.005921883	0.000205431	0.000551041
0	0	0.997234339	0.002099682	0.000248748	0.000417231
0	0	0.878363917	0.094053239	0.003136981	0.024445863
0	0	0.999835121	0.000110691	1.57076E-05	3.84803E-05
0	0	0.994154783	0.005189788	0.000240026	0.000415403
2	2	0.004027588	0.001531531	0.989567113	0.004873769
2	2	0.002786759	0.004561626	0.981693513	0.010958103
2	2	0.01999517	0.074783011	0.890684912	0.014536907
2	2	0.004800653	0.004878569	0.983042081	0.007278697
0	0	0.970029559	0.011825125	0.000853616	0.017291699
2	2	0.002111153	0.001876173	0.992805037	0.003207636
0	0	0.984356743	0.01412842	0.000285729	0.001229108
2	2	0.003346814	0.002004528	0.986939502	0.007709156
2	2	0.004089672	0.002219018	0.982170386	0.011520923
2	2	0.002744286	0.001068569	0.986458051	0.009729094
2	2	0.00070236	0.000761847	0.994748733	0.003787061
2	2	0.007108145	0.007879318	0.978520079	0.006492459
0	0	0.897554958	0.02388079	0.007394041	0.071170212
2	2	0.000995197	0.001931284	0.994246606	0.002826913
0	0	0.999502252	0.000164467	1.78895E-05	0.000315391
2	2	0.046687458	0.012080294	0.883927954	0.057304294
0	0	0.998351956	0.001137469	8.69872E-05	0.000423588
2	2	0.002416637	0.003277815	0.99046745	0.003838098
2	2	0.006665326	0.450032098	0.539541071	0.003761504
2	2	0.001789627	0.001743348	0.994169098	0.002297927
0	0	0.999348447	0.000369762	7.12546E-05	0.000210536
0	0	0.774121319	0.10602009	0.094408263	0.025450327
0	0	0.998593371	0.001261432	3.86058E-05	0.000106591
0	0	0.998174069	0.001300733	0.000143823	0.000381375
0	0	0.997564085	0.002113862	8.40298E-05	0.000238024
2	2	0.001223722	0.000840547	0.995551928	0.002383803
2	2	0.000382485	0.000640142	0.998381045	0.000596328
2	2	0.000980708	0.00051341	0.99567406	0.002831821
0	0	0.996673223	0.001770962	0.000301834	0.001253981
2	2	0.002580844	0.004271292	0.989021831	0.004126033
2	2	3.51499E-05	0.010450662	0.988971291	0.000542898
0	0	0.990949365	0.004555628	0.000383607	0.004111399
2	2	0.003445488	0.002235501	0.988872553	0.005446458
2	2	0.001665213	0.006183924	0.988464822	0.003686041
2	2	0.004064399	0.001382739	0.988378745	0.006174118
0	0	0.993709081	0.004348994	0.000637784	0.001304141
2	2	0.00188606	0.012419776	0.981606024	0.00408814
0	0	0.997191828	0.002024339	0.000205819	0.000578014
0	0	0.998570436	0.00084639	0.000157966	0.000425209
2	2	0.00263382	0.001713666	0.991912703	0.003739811
0	0	0.996896556	0.002302158	0.000208221	0.000593064
0	0	0.99686922	0.002626677	0.000150111	0.000353992
2	2	0.000706291	0.00208939	0.994432587	0.002771732
0	0	0.997719587	0.001425143	0.000298457	0.000556812
0	0	0.963375955	0.029225562	0.000252547	0.007145936
0	0	0.997037102	0.001776221	0.000252054	0.000934623
0	0	0.996476628	0.002834387	0.000258212	0.000430773
0	0	0.941701048	0.054428497	0.000211462	0.003658993
0	0	0.995484965	0.003447433	0.000214323	0.000853278
0	0	0.997943668	0.001292007	7.35932E-05	0.000690732
0	0	0.99942443	0.000500464	4.68954E-06	7.0417E-05
0	0	0.996481594	0.002617267	0.000281656	0.000619483
2	2	0.000686179	0.001198275	0.996434387	0.001681159
2	2	0.002726968	0.001524841	0.99166985	0.004078341
2	2	0.004425693	0.003303646	0.984394608	0.007876053
2	2	0.008246471	0.030285994	0.954593266	0.006874269
0	0	0.998205756	0.001580055	6.19864E-05	0.000152203
2	2	0.006855901	0.003242387	0.974485652	0.01541606
0	0	0.996038579	0.002205791	0.000283537	0.001472094
0	0	0.998896762	0.000863597	0.000117226	0.000122414
0	0	0.995687909	0.001929255	0.000346537	0.002036299
2	2	0.000858811	0.001024387	0.993758449	0.004358353
2	1	0.00870993	0.571442469	0.413048001	0.0067996
2	2	0.002590028	0.003111076	0.989370229	0.004928667
0	0	0.989172967	0.007067234	0.001304695	0.002455104
3	3	0.042841867	0.008880127	0.013119712	0.935158295
2	2	0.017905253	0.008488346	0.958427687	0.015178715
3	1	0.028758673	0.563258905	0.061358848	0.346623574
0	0	0.993940177	0.004264722	0.00046537	0.001329731
2	2	0.003050896	0.006406002	0.982534348	0.008008755
3	3	0.053185578	0.007817676	0.007411903	0.931584843
3	3	0.010411939	0.001599759	0.002287257	0.985701045
2	2	0.002215089	0.001452073	0.991672013	0.004660825
3	0	0.596211769	0.118296705	0.004788877	0.280702649
3	3	0.119130437	0.054212906	0.195648367	0.63100829
0	0	0.998748336	0.001027987	3.93406E-05	0.000184336
3	2	0.102914398	0.076393496	0.473284913	0.347407193
2	2	0.002020671	0.001709891	0.992303949	0.00396549
2	2	0.003595017	0.003695991	0.978331717	0.014377274
2	2	0.003709353	0.002492179	0.989458108	0.004340361
2	2	0.001070173	0.003076585	0.990906544	0.004946698
3	3	0.071465793	0.025076193	0.018872747	0.884585268
0	0	0.995487238	0.002517163	0.000615532	0.001380067
0	0	0.983678937	0.011240233	7.65202E-05	0.00500431
3	3	0.023460351	0.007992566	0.012877889	0.955669194
0	0	0.996707838	0.002100673	0.000227082	0.000964407
0	0	0.993383774	0.005789333	0.000142405	0.000684489
0	0	0.996726549	0.002520044	0.000229438	0.000523969
3	1	0.03692434	0.720374318	0.008338397	0.234362945
0	0	0.997803273	0.001610357	0.000114779	0.000471591
2	2	0.002937276	0.001585948	0.992555027	0.002921749
2	2	0.007818801	0.003748783	0.980469213	0.007963203
3	3	0.147604791	0.084701928	0.190002716	0.577690564
0	0	0.990644408	0.007112513	0.000102116	0.002140963
3	0	0.487995698	0.024791642	0.003298958	0.483913702
0	0	0.990276497	0.005222019	0.002278424	0.002223059
3	3	0.117924531	0.009789837	0.006580067	0.865705565
3	3	0.007182983	0.004090286	0.03658414	0.952142591
0	1	0.215187331	0.755295419	0.026544139	0.002973111
2	2	0.007038716	0.006035905	0.967897109	0.01902827
2	2	0.007543858	0.003370071	0.981256297	0.007829774
2	2	0.00090709	0.008564161	0.989684421	0.000844328
2	2	0.168378074	0.073627006	0.743383375	0.014611544
3	3	0.018915659	0.001835084	0.00185501	0.977394247
0	0	0.996078037	0.002482896	0.000596561	0.000842506
2	2	0.002411721	0.006446521	0.985787241	0.005354517
2	2	0.00127038	0.001553664	0.993681015	0.00349494
2	2	0.003565503	0.002753313	0.98614659	0.007534594
0	0	0.99657386	0.00184859	0.000231569	0.001345981
3	3	0.012179569	0.002146116	0.003017594	0.982656721
2	2	0.006808527	0.010176445	0.946031385	0.036983643
2	2	0.002533498	0.004418502	0.987919051	0.005128949
2	2	0.006733395	0.005116546	0.977579427	0.010570632
2	3	0.009277518	0.013477129	0.38061718	0.596628173
3	2	0.003892359	0.011076386	0.858610532	0.126420724
0	0	0.997866326	0.00127013	8.53512E-05	0.000778193
3	3	0.051649442	0.056085617	0.025576639	0.866688302
2	2	0.002020671	0.001709891	0.992303949	0.00396549
0	0	0.981150559	0.010803022	0.000848255	0.007198163
0	0	0.999053364	0.000620586	0.000104498	0.000221553
3	3	0.006788908	0.002048669	0.101635216	0.889527207
2	2	0.002924771	0.003894698	0.987341783	0.005838747
0	0	0.998150002	0.001485429	0.00010783	0.000256739
3	3	0.011070432	0.017290856	0.079271431	0.892367281
3	3	0.036174173	0.009992606	0.005841838	0.947991383
3	3	0.011758506	0.008764214	0.004926244	0.974551035
3	3	0.004845623	0.002168153	0.002123734	0.99086249
2	2	0.000511737	0.001051855	0.996705829	0.001730578
2	2	0.000270327	0.000682344	0.998224841	0.000822488
0	0	0.982095486	0.011971018	0.000634124	0.005299373
2	2	0.001858805	0.001382418	0.993499734	0.003259044
3	3	0.068664548	0.013638996	0.242750224	0.674946232
2	2	0.000900072	0.000773538	0.996171329	0.002155061
0	0	0.98520823	0.008270153	0.003735767	0.00278585
2	2	0.008540259	0.005258214	0.9690259	0.017175627
2	0	0.946042452	0.01248075	0.03621913	0.005257667
0	0	0.999359925	0.000497338	3.83008E-05	0.000104436
2	2	0.003071954	0.004040684	0.980550227	0.012337136
0	0	0.996446001	0.002392874	0.000496682	0.000664444
0	0	0.96520355	0.010657235	0.015789403	0.008349812
0	0	0.999045027	0.000688665	8.01945E-05	0.000186113
2	2	0.001172967	0.001558832	0.992906611	0.00436159
2	2	0.001442232	0.001936713	0.994352842	0.002268213
3	3	0.011834563	0.002354255	0.002992845	0.982818338
0	0	0.99089188	0.003363915	0.000623944	0.005120261
2	2	0.001476048	0.002217473	0.990458664	0.005847815
0	0	0.989788597	0.007809894	0.000612805	0.001788704
2	0	0.824251865	0.02407746	0.133083419	0.018587255
2	2	0.003451826	0.002245669	0.988910036	0.005392469
3	3	0.014561351	0.002999876	0.003498278	0.978940495
2	2	0.007632249	0.004296422	0.980519554	0.007551775
3	3	0.06068204	0.012760415	0.005016075	0.92154147
0	0	0.999090064	0.000468062	2.67411E-05	0.000415134
3	3	0.018916413	0.007623457	0.005946067	0.967514063
2	2	0.005420239	0.003501669	0.986772822	0.00430527
0	0	0.992474786	0.003962209	0.000171067	0.003391939
0	0	0.995400049	0.003538294	0.000340325	0.000721332
3	3	0.019346955	0.002670952	0.002789424	0.975192669
0	0	0.996635203	0.00235581	0.000389841	0.000619145
3	3	0.02256479	0.010555961	0.163529061	0.803350188
0	0	0.998176131	0.001111966	0.000153498	0.000558405
2	2	0.001350895	0.001095124	0.99482544	0.002728542
0	0	0.975308196	0.019627929	0.001279224	0.00378465
0	0	0.998053903	0.001394181	0.00020911	0.000342805
3	3	0.069833458	0.0431082	0.001415968	0.885642375
2	2	0.001074774	0.00079137	0.994470752	0.003663103
2	2	0.001674363	0.004358084	0.989136655	0.004830899
3	3	0.002171383	0.000469242	0.000645109	0.996714266
0	0	0.99822925	0.001105926	0.000215862	0.000448962
2	2	0.005635849	0.002795883	0.979701429	0.011866839
3	3	0.008616741	0.004454019	0.007953459	0.978975781
3	3	0.085746285	0.021182868	0.007358034	0.885712813
3	3	0.306337483	0.06330646	0.002514785	0.627841271
2	2	0.017163287	0.008252966	0.971239061	0.003344685
3	0	0.456641882	0.146496195	0.008631337	0.388230586
2	2	0.165501037	0.025960534	0.778973836	0.029564593
2	2	0.015945931	0.013072407	0.958053556	0.012928106
3	3	0.089402502	0.012895116	0.002142876	0.895559506
0	0	0.998273816	0.00133073	9.59937E-05	0.000299461
3	3	0.02780238	0.016234224	0.015265901	0.940697496
0	0	0.998149658	0.000750889	0.000269093	0.000830359
3	3	0.010776007	0.002178686	0.005800372	0.981244934
0	0	0.991194331	0.003877578	0.000557446	0.004370645
0	0	0.93134535	0.012320076	0.042023549	0.014311024
3	3	0.019085874	0.034561781	0.221151611	0.725200733
3	3	0.287214046	0.032334273	0.051579677	0.628872004
2	2	0.002103533	0.001507599	0.992391972	0.003996896
3	3	0.02886742	0.003827507	0.004054444	0.963250629
0	0	0.97323276	0.015147315	0.003064006	0.008555919
0	0	0.994842737	0.003442799	0.000632601	0.001081863
3	3	0.056669755	0.006108863	0.006145626	0.931075756
3	3	0.007147475	0.007701069	0.05712599	0.928025466
3	3	0.002264727	0.002458261	0.005525391	0.989751622
3	3	0.071311294	0.012288388	0.012196569	0.904203749
3	3	0.050365303	0.002244095	0.007463336	0.939927266
3	3	0.017957117	0.007720557	0.012637727	0.961684599
0	0	0.996131217	0.001909954	0.000406155	0.001552675
0	0	0.997355057	0.001496766	0.000168168	0.000980009
2	2	0.000636431	0.001400208	0.991402508	0.006560853
3	3	0.024107405	0.008081836	0.230124175	0.737686585
2	2	0.002260962	0.001900069	0.989787565	0.006051404
0	0	0.992017009	0.004818392	0.002074749	0.00108985
3	3	0.034900607	0.012147267	0.013680948	0.939271177
0	0	0.938326614	0.05896229	0.000736827	0.001974269
2	2	0.000802014	0.001815701	0.996721501	0.000660784
3	3	0.053567283	0.035192693	0.014883281	0.896356743
3	3	0.024415112	0.007893205	0.010501334	0.957190349
3	3	0.075249909	0.10734143	0.078839543	0.738569118
3	3	0.021841135	0.008392136	0.005666633	0.964100095
0	0	0.998744092	0.000940634	7.281E-05	0.000242464
3	3	0.005868397	0.002226835	0.001333866	0.990570902
0	0	0.998253338	0.001298367	0.000177392	0.000270903
0	0	0.661210245	0.088293974	0.017161558	0.233334223
2	2	0.001013109	0.000383553	0.995876825	0.002726513
3	3	0.020752	0.063557348	0.209106276	0.706584375
3	3	0.035380848	0.003136384	0.006426118	0.955056649
2	2	0.000897169	0.001111032	0.996141606	0.001850192
2	2	0.007319994	0.002842573	0.98339369	0.006443743
3	3	0.039826614	0.004404979	0.011382025	0.944386382
3	0	0.889639696	0.062359532	0.001035119	0.046965653
2	2	0.001248638	0.001374312	0.994711919	0.002665131
2	2	0.000356143	0.001516154	0.996826517	0.001301187
3	3	0.042288199	0.005917465	0.012989068	0.938805268
0	0	0.995232171	0.003315061	0.000492962	0.000959806
2	2	0.003580887	0.002494306	0.977120918	0.01680389
2	2	0.004275146	0.002235843	0.989617216	0.003871795
3	3	0.013510075	0.005477976	0.004843006	0.976168943
0	0	0.996153986	0.003067006	0.000304131	0.000474878
0	0	0.996198358	0.002423097	0.000129166	0.001249379
3	3	0.006096539	0.002534056	0.002441765	0.98892764
3	3	0.005719973	0.098826333	0.182466045	0.712987649
0	0	0.996792398	0.00207123	0.000393074	0.000743299
0	0	0.992972353	0.00598109	0.000459831	0.000586726
0	0	0.997830621	0.001379172	0.000141916	0.00064829
2	2	0.140523678	0.029191454	0.71786103	0.112423838
2	2	0.000733605	0.002062698	0.994872889	0.002330808
0	0	0.997016521	0.001183253	0.000765572	0.001034654
3	3	0.251221835	0.154537434	0.129520135	0.464720596
3	3	0.303690544	0.08769012	0.014245047	0.594374289
3	0	0.552087713	0.053635273	0.049048369	0.345228644
2	2	0.002491251	0.001078084	0.990772583	0.005658082
2	2	0.007188107	0.005272622	0.976649458	0.010889813
3	3	0.107225797	0.015789369	0.01482829	0.862156544
2	2	0.000378089	0.000754178	0.997022927	0.001844805
0	0	0.994292883	0.003914282	0.000576391	0.001216444
2	2	0.00266036	0.003398592	0.98472394	0.009217108
0	0	0.998205844	0.001280383	0.000100125	0.000413648
0	0	0.998727053	0.000815774	0.000118906	0.000338267
2	2	0.000785456	0.001117853	0.992978969	0.005117722
0	0	0.998532221	0.001045073	9.94188E-05	0.000323287
3	3	0.022366072	0.014896781	0.024272528	0.93846462
2	2	0.004525093	0.002585291	0.984701056	0.00818856
2	2	0.002092652	0.002167409	0.990324076	0.005415863
0	0	0.983506512	0.013016584	0.00115445	0.002322454
0	0	0.998093901	0.001162819	0.000212683	0.000530597
0	0	0.924587584	0.066012742	0.002120279	0.007279395
3	3	0.04448776	0.007111506	0.007145724	0.94125501
2	2	0.165189533	0.028496848	0.783047609	0.02326601
2	2	0.002651872	0.022299536	0.962530614	0.012517978
3	0	0.886216978	0.043127542	0.002180953	0.068474528
2	2	0.004772964	0.002708155	0.988083705	0.004435177
2	3	0.013435837	0.015133723	0.034203417	0.937227024
0	0	0.994372146	0.005352221	2.76484E-05	0.000247985
3	3	0.03045971	0.004780307	0.006705344	0.958054639
2	2	0.057838963	0.069433027	0.801963143	0.070764867
3	3	0.031867429	0.124621914	0.117775994	0.725734662
3	3	0.007943459	0.002708917	0.004635986	0.984711638
2	2	0.001267142	0.001053443	0.99512055	0.002558865
0	0	0.998641293	0.000992226	9.2393E-05	0.000274088
2	2	0.006640284	0.003158998	0.984323669	0.005877049
3	3	0.100710006	0.012206214	0.004860519	0.882223262
3	3	0.00084267	0.0012536	0.004914646	0.992989084
2	2	0.004365772	0.003974484	0.984264811	0.007394933
3	3	0.01937436	0.004090841	0.006869907	0.969664892
2	2	0.005658095	0.003237778	0.988993073	0.002111054
3	3	0.025109125	0.004945763	0.005520847	0.964424265
2	2	0.005675609	0.003723924	0.981103448	0.009497018
0	0	0.996788724	0.00243425	0.000150685	0.00062634
2	2	0.004447772	0.004154547	0.98201183	0.009385851
3	3	0.026936851	0.008932491	0.271916568	0.692214089
0	0	0.995033507	0.004053888	0.000329288	0.000583318
3	3	0.311273155	0.09435562	0.000851267	0.593519957
0	0	0.998307331	0.000773338	0.000171694	0.000747636
0	0	0.999049306	0.000559789	4.68645E-05	0.000344041
2	2	0.000768124	0.001455422	0.995152725	0.002623728
0	0	0.757787904	0.013679571	0.008603796	0.219928729
3	3	0.01165524	0.01661583	0.226004712	0.745724218
3	3	0.035057291	0.006719969	0.009626153	0.948596587
3	2	0.001432603	0.001776763	0.981903563	0.014887071
2	2	0.001420382	0.000756711	0.99597856	0.001844348
2	2	0.001376469	0.00144574	0.993487441	0.00369035
2	2	0.000924521	0.000453174	0.996371877	0.002250428
3	3	0.013692412	0.00411707	0.005234345	0.976956173
0	0	0.914254918	0.065405702	0.013578796	0.006760585
2	2	0.039182767	0.010748186	0.892955747	0.057113301
2	2	0.002696222	0.002837013	0.99054143	0.003925335
3	3	0.229191065	0.050909829	0.004417421	0.715481685
0	0	0.999471295	0.000268186	5.57502E-05	0.000204769
3	3	0.446270852	0.00776888	0.005659446	0.540300821
2	3	0.075316538	0.139882073	0.299825229	0.48497616
2	2	0.002055944	0.000928147	0.992309454	0.004706455
0	0	0.997289282	0.001911218	0.000407604	0.000391896
0	0	0.982579064	0.014735813	0.000592788	0.002092335
0	0	0.993693155	0.005113727	0.000340183	0.000852935
0	0	0.99440719	0.003411141	0.00074152	0.001440149
0	0	0.998702224	0.000922984	0.000118808	0.000255983
2	2	0.001197317	0.002411341	0.992258013	0.004133329
3	3	0.230254752	0.107617827	0.002096745	0.660030676
3	3	0.040540871	0.007135702	0.011542208	0.940781219
0	0	0.99556642	0.003411704	0.0002688	0.000753077
3	3	0.006981561	0.000761757	0.001298322	0.99095836
0	0	0.913380575	0.074937365	0.00074286	0.0109392
3	3	0.339534733	0.008307646	0.000788657	0.651368965
0	0	0.786732373	0.036469932	0.166149524	0.010648171
3	3	0.00368142	0.001067371	0.001190292	0.994060918
2	2	0.371433711	0.021969836	0.590500459	0.016095994
2	2	0.02982607	0.014535339	0.83162603	0.124012561
0	0	0.931744896	0.055526426	0.000327902	0.012400776
2	2	0.001842983	0.002046202	0.992260382	0.003850433
0	0	0.993240541	0.005846674	4.21455E-05	0.00087064
3	3	0.009664171	0.000773775	0.001816343	0.987745712
2	2	0.003293356	0.001240987	0.992083185	0.003382473
0	0	0.976043439	0.018857432	0.001038219	0.00406091
3	3	0.005962426	0.000507214	8.65509E-05	0.993443809
0	0	0.998284323	0.001218156	0.000134343	0.000363178
0	0	0.996246973	0.003328079	4.98267E-05	0.000375122
0	0	0.994330542	0.005221422	7.16093E-05	0.000376427
3	3	0.01832041	0.003276631	0.003716624	0.974686336
2	2	0.008638464	0.002756674	0.976646571	0.011958291
3	3	0.165898263	0.200933644	0.02614021	0.607027883
3	3	0.017314564	0.003454052	0.001682781	0.977548602
3	3	0.024833512	0.007641501	0.007850632	0.959674356
3	3	0.302131159	0.062687447	0.001743965	0.633437429
0	0	0.878175169	0.031166571	0.043512406	0.047145854
0	0	0.997320469	0.001749399	0.000182861	0.000747271
0	0	0.998123925	0.001137664	0.00030176	0.00043665
0	0	0.998513409	0.00119085	0.000102927	0.000192813
2	2	0.001506322	0.0011304	0.995127764	0.002235514
0	0	0.98910242	0.010272782	6.64104E-05	0.000558387
2	1	0.00235766	0.733897572	0.257770453	0.005974315
3	3	0.03808328	0.005940987	0.01532178	0.940653953
2	2	0.003842931	0.002474493	0.987656866	0.00602571
0	0	0.997191163	0.00141998	0.000438824	0.000950034
0	0	0.96699923	0.028258596	0.001407757	0.003334416
2	2	0.003046212	0.002136137	0.988707822	0.006109829
3	3	0.006713043	0.002968784	0.004716431	0.985601742
0	0	0.99241646	0.005066969	0.000735094	0.001781477
2	2	0.002160364	0.001477537	0.992251468	0.004110631
2	2	0.001751356	0.000994008	0.987019872	0.010234764
0	0	0.983502503	0.008326308	0.001702198	0.006468991
3	3	0.032915834	0.009266019	0.008775413	0.949042734
2	2	0.002701912	0.005162183	0.976582812	0.015553093
0	0	0.997623586	0.001314263	0.000209942	0.000852209
3	3	0.316629634	0.094474763	0.005577456	0.583318147
0	0	0.930068801	0.040901166	0.003171037	0.025858996
0	0	0.886519402	0.099226291	0.008503714	0.005750593
3	3	0.004870682	0.001935245	0.001679228	0.991514846
2	2	0.001961147	0.001289854	0.99419099	0.002558009
2	2	0.004297951	0.002770807	0.984898399	0.008032843
3	3	0.230371457	0.026067597	0.014182276	0.72937867
3	3	0.015981461	0.004545007	0.004676404	0.974797128
2	2	0.004603724	0.002352705	0.987094318	0.005949253
0	0	0.9947764	0.003900552	0.000446604	0.000876444
0	0	0.993844212	0.003738859	0.001389273	0.001027656
0	0	0.992046572	0.005001161	0.000832577	0.00211969
0	0	0.870938296	0.007395496	0.002612927	0.119053281
0	0	0.993836571	0.001253918	0.000105396	0.004804115
0	0	0.990948104	0.007429527	0.000672981	0.000949388
2	2	0.00369216	0.002050147	0.987435973	0.00682172
3	3	0.171035159	0.033618252	0.012161426	0.783185162
0	0	0.998201403	0.001345486	0.000131672	0.00032144
0	0	0.982515052	0.011835644	0.000638404	0.005010901
0	0	0.999484387	0.000154161	3.42777E-05	0.000327175
2	2	0.002834359	0.002116398	0.990010706	0.005038537
0	0	0.999594805	0.000201302	1.9087E-05	0.000184806
2	2	0.001772988	0.001320441	0.994326889	0.002579682
0	0	0.989929276	0.008056132	0.001091261	0.000923332
0	0	0.996471945	0.002145389	0.00057997	0.000802696
0	0	0.998005711	0.001302596	0.000206565	0.000485129
3	3	0.074003217	0.012605189	0.018584141	0.894807454
0	0	0.954352506	0.042932671	0.000298774	0.002416048
3	3	0.004295387	0.002424782	0.004233129	0.989046702
0	0	0.989504824	0.009007924	0.000276182	0.00121107
2	2	0.00379473	0.02107133	0.966820999	0.00831294
0	0	0.994431297	0.002845592	0.000268493	0.002454618
0	0	0.995354904	0.002662058	0.000168739	0.001814299
2	2	0.002023872	0.001766345	0.99109716	0.005112623
2	2	0.0056396	0.00229817	0.987141224	0.004921007
0	0	0.994837631	0.002324208	0.00042345	0.002414711
0	0	0.994707476	0.004089197	0.000196253	0.001007074
2	3	0.094380393	0.201730641	0.299355954	0.404533013
3	3	0.232811667	0.06628276	0.004988972	0.695916602
2	2	0.181847213	0.012468019	0.741049071	0.064635697
0	0	0.989516655	0.008971174	0.000255436	0.001256734
3	3	0.260716989	0.018456848	0.001557116	0.719269047
0	0	0.999077796	0.000518836	6.1068E-05	0.0003423
3	3	0.034930081	0.004413855	0.0022722	0.958383864
2	2	0.003279582	0.004819238	0.983891779	0.0080094
0	0	0.991032606	0.005859987	0.000116886	0.00299052
0	0	0.998947262	0.00065988	6.16798E-05	0.000331178
3	0	0.470773279	0.096021931	0.005181925	0.428022865
3	3	0.008237395	0.001689249	0.003750106	0.98632325
2	2	0.000899949	0.002064076	0.993647492	0.003388484
2	2	0.002366312	0.002227617	0.985680754	0.009725317
0	0	0.973752422	0.02422432	0.000810063	0.001213195
3	3	0.001657273	0.001196228	0.00141903	0.995727468
3	3	0.04297501	0.008625464	0.003083973	0.945315552
3	3	0.042608105	0.005088812	0.008568944	0.943734139
0	0	0.99767083	0.001759665	0.000140496	0.000429009
2	2	0.001648063	0.00178158	0.992771499	0.003798858
0	0	0.992705864	0.003094216	0.000312933	0.003886987
2	2	0.002229159	0.001929815	0.991009684	0.004831342
2	2	0.003782643	0.002300952	0.988731648	0.005184757
0	0	0.99850912	0.001092166	7.67243E-05	0.000321989
2	2	0.001596467	0.001509371	0.994452955	0.002441207
2	2	0.003318703	0.001666747	0.991951307	0.003063243
0	0	0.997826727	0.001269826	0.000209126	0.000694321
2	2	0.003598141	0.00224368	0.990012289	0.004145889
3	3	0.004051156	0.000771825	0.001311147	0.993865872
0	0	0.818798278	0.158164835	0.016640471	0.006396415
3	0	0.812991904	0.078714009	0.012794574	0.095499513
3	0	0.660845254	0.159066079	0.004047177	0.17604149
2	2	0.001306187	0.184014006	0.81257797	0.002101837
0	0	0.959968843	0.031037645	0.001921106	0.007072407
3	3	0.017812738	0.00508357	0.005338869	0.971764823
2	2	0.006356841	0.004345894	0.98066565	0.008631615
3	3	0.053516382	0.024295419	0.02444163	0.897746569
3	3	0.021015582	0.010603288	0.022928122	0.945453007
1	1	0.02290525	0.700900653	0.027365036	0.24882906
2	2	0.001821489	0.002440137	0.987774193	0.007964181
2	2	0.000722042	0.001142625	0.994090146	0.004045187
0	0	0.85052584	0.060889138	0.010495586	0.078089437
1	1	0.365500285	0.56626777	0.013575505	0.054656441
0	0	0.995329445	0.001035593	5.74278E-05	0.003577534
0	0	0.997600701	0.001672556	0.000259099	0.000467644
1	1	0.022622778	0.924411479	0.049341095	0.003624648
3	3	0.017957117	0.007720557	0.012637727	0.961684599
2	2	0.000484932	0.001013038	0.997102197	0.001399833
0	0	0.998024731	0.001366125	0.000102538	0.000506606
2	2	0.00296706	0.001911851	0.99125489	0.003866198
1	1	0.176189006	0.312547769	0.21273714	0.298526085
3	3	0.029697352	0.0082273	0.016155457	0.945919891
3	3	0.014809376	0.002650267	0.00605425	0.976486106
1	0	0.778948347	0.196300125	0.015258622	0.009492906
0	0	0.990307413	0.008517436	0.00024665	0.0009285
2	2	0.001860501	0.003532288	0.991229338	0.003377872
1	1	0.146559001	0.564210882	0.015367088	0.273863029
3	3	0.47354386	0.013053347	0.005523129	0.507879664
3	3	0.03178051	0.01075051	0.018527446	0.938941533
2	2	0.001420831	0.000800709	0.99559646	0.002182
2	2	0.00240259	0.003143534	0.990240149	0.004213727
2	2	0.025096943	0.091473203	0.737190298	0.146239555
0	0	0.998234892	0.001353358	0.000110891	0.00030086
2	2	0.004495661	0.002475922	0.985562764	0.007465652
0	0	0.88897799	0.097258509	0.002306826	0.011456674
0	0	0.996100852	0.003107593	0.000254068	0.000537487
2	2	0.038774253	0.183617804	0.496635543	0.2809724
2	2	0.000394426	0.000769801	0.995531959	0.003303813
0	0	0.996715657	0.002759268	9.96357E-05	0.000425439
1	1	0.018657617	0.910646207	0.063513626	0.00718255
2	2	0.00032715	0.000590116	0.997611555	0.001471179
1	1	0.01007577	0.978121168	0.010630567	0.001172495
0	0	0.995469239	0.003032885	0.00035812	0.001139756
1	0	0.613372136	0.313930563	0.027979492	0.044717809
3	3	0.002395813	0.002644608	0.009091344	0.985868236
3	3	0.022044441	0.006200689	0.010479914	0.961274955
3	3	0.025535438	0.009611567	0.016746131	0.948106865
2	2	0.004027894	0.004119137	0.97783775	0.014015218
2	2	0.003313095	0.001533393	0.990671451	0.004482061
3	1	0.032668432	0.549555207	0.044988605	0.372787755
2	2	0.001252962	0.000873813	0.995366165	0.00250706
2	2	0.003066461	0.002387207	0.985968133	0.008578199
0	0	0.993610007	0.00368159	0.000112213	0.002596189
3	3	0.010364722	0.003215259	0.007443252	0.978976767
3	3	0.010652058	0.00268815	0.004206173	0.982453619
0	0	0.998887379	0.000868178	8.87477E-05	0.000155695
0	0	0.96768598	0.027055969	0.002119982	0.003138069
3	3	0.003355696	0.018943467	0.031590584	0.946110253
3	3	0.012978497	0.00657447	0.015093949	0.965353084
0	0	0.997155242	0.002361995	0.000167547	0.000315217
0	3	0.048314946	0.016574095	0.006823967	0.928286993
0	0	0.998758343	0.000854202	7.52163E-05	0.000312239
2	2	0.002270366	0.001629936	0.993010101	0.003089598
1	1	0.019089016	0.96055676	0.017962982	0.002391242
1	2	0.004437635	0.135371316	0.854931625	0.005259424
2	2	0.006828871	0.00526278	0.967542502	0.020365847
0	0	0.998213744	0.00156685	7.37973E-05	0.000145609
0	0	0.811563277	0.026103316	0.006066989	0.156266418
2	2	0.000290209	0.000587046	0.998093786	0.001028959
2	2	0.002966654	0.001778259	0.989534709	0.005720378
1	1	0.065913037	0.906178451	0.007293155	0.020615356
3	3	0.012691657	0.004563751	0.004612384	0.978132208
3	3	0.031224169	0.012064804	0.01075846	0.945952568
0	0	0.997555717	0.001218119	0.000381902	0.000844262
3	3	0.052164691	0.010164547	0.01718103	0.920489733
3	3	0.056963631	0.013372669	0.017414671	0.912249029
2	2	0.002330401	0.001881257	0.992810972	0.00297737
2	2	0.000663363	0.001110452	0.99661726	0.001608926
2	2	0.005247011	0.0765511	0.842571476	0.075630413
2	0	0.639855376	0.07258383	0.264738402	0.022822392
0	0	0.974164824	0.011875536	0.001338408	0.012621232
2	2	0.003983394	0.002984208	0.989138408	0.00389399
3	3	0.039630655	0.007257264	0.006297816	0.946814264
3	3	0.002883964	0.00269626	0.005151385	0.989268391
1	1	0.008247969	0.939142314	0.050343375	0.002266342
2	2	0.133337787	0.015178587	0.826075078	0.025408548
2	2	0.003242705	0.001774481	0.989903848	0.005078967
2	2	0.005207045	0.002510075	0.987831952	0.004450928
0	0	0.996777817	0.0026712	0.000131852	0.000419131
3	3	0.0129642	0.001544178	0.002213758	0.983277863
2	2	0.002267405	0.001791111	0.992608273	0.003333211
1	1	0.029163857	0.893485548	0.009362667	0.067987928
0	0	0.999081691	0.000751591	5.5556E-05	0.000111162
0	0	0.923145548	0.04144996	0.007413383	0.027991109
0	0	0.979282185	0.01055838	0.004807705	0.00535173
2	2	0.047211061	0.010778228	0.887339994	0.054670716
0	0	0.991297317	0.007637074	0.000156768	0.000908841
3	3	0.000515309	0.00050962	0.00011866	0.99885641
0	0	0.998249785	0.001028194	0.00013259	0.000589432
0	0	0.9900565	0.006308273	0.000272467	0.00336276
3	3	0.024721637	0.007174111	0.00863634	0.959467911
1	1	0.027402898	0.87397237	0.057907607	0.040717125
3	3	0.013129006	0.071423288	0.031830469	0.883617237
2	2	0.005062653	0.002397174	0.979547434	0.012992739
3	3	0.205595411	0.026512338	0.015310061	0.75258219
0	0	0.99045567	0.006610538	0.000214245	0.002719546
0	0	0.953428604	0.025543032	0.010629834	0.010398531
2	2	0.000605076	0.001800202	0.995553398	0.002041324
1	1	0.007490489	0.990424979	0.001670853	0.000413679
2	1	0.009321596	0.962211113	0.025407233	0.003060058
2	2	0.001568183	0.00208406	0.991300636	0.00504712
2	2	0.002468436	0.002602011	0.987903082	0.007026471
3	0	0.556024355	0.028896258	0.007916998	0.407162389
3	3	0.030917146	0.012202135	0.008258235	0.948622484
2	2	0.003336745	0.001782819	0.989298165	0.005582271
2	2	0.00315325	0.002254963	0.988544357	0.006047431
2	2	0.000791098	0.00083901	0.996517705	0.001852187
0	0	0.995506792	0.002755095	0.000580046	0.001158067
1	1	0.018821228	0.950877643	0.02699861	0.003302519
2	2	0.003131477	0.001821035	0.989999928	0.00504756
0	0	0.993386545	0.004300021	0.000529681	0.001783754
2	2	0.001285327	0.000764536	0.995070358	0.002879779
2	2	0.004114202	0.00427697	0.983920182	0.007688647
2	2	0.020229567	0.061432883	0.832260292	0.086077258
0	0	0.975470952	0.021187691	8.36612E-05	0.003257697
0	0	0.998117487	0.001304697	0.000119561	0.000458255
0	0	0.993453103	0.00569499	0.000251299	0.000600608
1	0	0.799294794	0.190724472	0.004161726	0.005819008
3	3	0.016431699	0.010332687	0.005738583	0.967497031
0	0	0.994963609	0.003001782	0.000498878	0.00153573
2	2	0.004787517	0.002152031	0.986942595	0.006117857
1	1	0.001501208	0.994629039	0.003679106	0.000190647
2	1	0.003130539	0.700507524	0.28948547	0.006876468
2	2	0.001884954	0.001164048	0.99346936	0.003481639
1	1	0.001074483	0.960006226	0.037238373	0.001680917
2	2	0.000898459	0.001001928	0.996576546	0.001523067
3	3	0.026777513	0.003227031	0.005348213	0.964647243
3	3	0.021105049	0.004471895	0.005570653	0.968852403
2	2	0.001924059	0.003867998	0.991914768	0.002293175
3	3	0.0085953	0.008181828	0.003651053	0.979571819
1	1	0.042354921	0.887212568	0.066512148	0.003920364
0	0	0.98650649	0.011314328	0.000933765	0.001245416
1	1	0.014631143	0.954657196	0.028339379	0.002372282
2	2	0.009663196	0.097020706	0.88344092	0.009875179
3	3	0.052653891	0.006813733	0.008618751	0.931913626
2	2	0.003034433	0.002767445	0.989029921	0.005168201
3	3	0.002739928	0.000591042	0.001779676	0.994889354
1	1	0.002796385	0.994785875	0.002025927	0.000391812
2	2	0.000386097	0.00266135	0.994991005	0.001961547
0	0	0.999495081	0.000362421	1.85321E-05	0.000123966
2	2	0.005061142	0.003533865	0.98013671	0.011268284
0	0	0.996296388	0.002918719	0.00025863	0.000526262
1	1	0.003800528	0.982145925	0.012829406	0.001224142
2	2	0.002870328	0.007593756	0.978896917	0.010638998
3	3	0.01234673	0.006588273	0.006792311	0.974272686
2	2	0.000266937	0.009181191	0.989259787	0.001292085
0	0	0.997625514	0.002029883	6.72108E-05	0.000277392
2	2	0.000590542	0.001724582	0.996236585	0.001448292
2	2	0.006276561	0.004737086	0.975180093	0.013806261
0	0	0.612223005	0.359529633	0.019548462	0.0086989
3	3	0.430481116	0.015817287	0.004149565	0.549552032
3	3	0.033159439	0.103744113	0.048227404	0.814869043
3	3	0.054149136	0.02204183	0.020791454	0.90301758
2	0	0.626937319	0.11066931	0.237994263	0.024399108
3	3	0.052653891	0.006813733	0.008618751	0.931913626
2	2	0.003632412	0.003127384	0.989398189	0.003842015
0	0	0.996324239	0.002380648	0.00046859	0.000826523
1	1	0.005852526	0.990265759	0.002870176	0.001011539
0	0	0.999025443	0.000772425	4.75478E-05	0.000154584
0	0	0.992433525	0.004945411	0.000841693	0.001779371
2	2	0.000273788	0.000847468	0.997445848	0.001432896
2	2	0.002685982	0.00306469	0.98984298	0.004406348
0	0	0.990910193	0.007979884	0.000333979	0.000775943
3	3	0.043142244	0.012586221	0.164498696	0.779772839
1	1	0.000646895	0.965096759	0.032970999	0.001285347
1	1	0.005461519	0.984788529	0.009526972	0.00022298
3	3	0.024052591	0.0041031	0.0057681	0.966076209
1	1	0.019693831	0.933373512	0.041083454	0.005849203
3	3	0.335408774	0.008793827	0.005161618	0.650635781
2	2	0.000837642	0.002428406	0.994196565	0.002537387
2	2	0.006311691	0.003738572	0.98191396	0.008035777
