0,1,2,3
0.007701439773489794,0.8948958071900495,0.04870137651823034,0.04870137651823034
0.08000587284587728,0.36467262837325914,0.2776607493904318,0.2776607493904318
0.9011097764288545,0.0938058376002975,0.00254219298542401,0.00254219298542401
0.4447399149859608,0.2317802328672932,0.161739926073373,0.161739926073373
0.7545278371771297,0.11962862739855178,0.0629217677121593,0.0629217677121593
0.9525329760774683,0.03753691042736308,0.004965056747584334,0.004965056747584334
0.05463625178938523,0.23707999471288538,0.3541418767488647,0.3541418767488647
0.10996364066040452,0.1743822574860703,0.3578270509267626,0.3578270509267626
0.00139033624083685,0.007631203898958928,0.4954892299301021,0.4954892299301021
0.9597688159393813,0.03474002355088302,0.0027455802548677437,0.0027455802548677437
1.905940769833341e-05,0.005567830847233962,0.49720655487253385,0.49720655487253385
0.964289268750785,0.027283750928881922,0.004213490160166466,0.004213490160166466
0.9677864789707499,0.025857778980653855,0.0031778710242980394,0.0031778710242980394
0.9991181250189053,0.0006542099300452701,0.00011383252552477268,0.00011383252552477268
0.6399921878631409,0.3592275277674889,0.0003901421846850623,0.0003901421846850623
0.0027655135572971614,0.00389395890210637,0.49667026377029816,0.49667026377029816
0.05213404356876752,0.3502398350431567,0.2988130606940379,0.2988130606940379
0.9623630734136807,0.016837218023350496,0.01039985428148449,0.01039985428148449
0.007767521523046216,0.017952890510424726,0.4871397939832645,0.4871397939832645
0.032810535379350116,0.11959962001820494,0.42379492230122245,0.42379492230122245
0.9890514587938969,0.010367193626936494,0.0002906737895832779,0.0002906737895832779
0.43142322876802663,0.5322905982852777,0.01814308647334779,0.01814308647334779
0.001228578372260439,0.006690293241756888,0.49604056419299136,0.49604056419299136
0.001193675504798217,0.0021715413316718514,0.49831739158176497,0.49831739158176497
0.00013410379298263474,0.0012142890914582946,0.49932580355777956,0.49932580355777956
0.007931387239835126,0.07261909879339482,0.459724756983385,0.459724756983385
0.00048638383451906665,0.004267562478699321,0.4976230268433908,0.4976230268433908
0.059008036055941696,0.06599464741525154,0.4374986582644034,0.4374986582644034
0.9918050939932126,0.007789888995382477,0.00020250850570243536,0.00020250850570243536
0.0017686476520858124,0.9657598648425159,0.016235743752699212,0.016235743752699212
0.30494896957550877,0.5597243608259316,0.06766333479927987,0.06766333479927987
0.9523981192409671,0.03637141412416447,0.005615233317434299,0.005615233317434299
0.03110423030329596,0.9129159640017372,0.0279899028474834,0.0279899028474834
0.0008068939962607085,0.0027578103829140896,0.4982176478104126,0.4982176478104126
1.597538888011642e-05,0.0001980361011293196,0.4998929942549952,0.4998929942549952
0.34542328485974383,0.5048041728954876,0.07488627112238426,0.07488627112238426
0.8216070821706644,0.16283904818937647,0.007776934819979549,0.007776934819979549
0.0017310679851323045,0.01194411335205912,0.4931624093314043,0.4931624093314043
0.4980400460664586,0.0882241281664787,0.2068679128835314,0.2068679128835314
0.9972871446506594,0.0022701337198289917,0.00022136081475581865,0.00022136081475581865
0.12301266438881747,0.056142174998312644,0.4104225803064349,0.4104225803064349
0.0013857700156930165,0.006733236625966906,0.49594049667917,0.49594049667917
0.9223658614125267,0.06996128080503008,0.003836428891221582,0.003836428891221582
0.016773945169236013,0.017119647828932244,0.48305320350091585,0.48305320350091585
0.0033713594342406916,0.9614245165058931,0.01760206202993308,0.01760206202993308
0.9544597611879905,0.02760634079603125,0.00896694900798917,0.00896694900798917
0.9801498051674283,0.01573842890231032,0.0020558829651305855,0.0020558829651305855
0.13163550809446986,0.21169293414414725,0.32833577888069143,0.32833577888069143
0.9598178459734947,0.03556078631265593,0.0023106838569246337,0.0023106838569246337
0.12021333315859402,0.8408118731610311,0.01948739684018741,0.01948739684018741
0.4248909394971993,0.5279663354445853,0.023571362529107766,0.023571362529107766
0.0005214139848892182,0.001695180193383296,0.49889170291086377,0.49889170291086377
0.026492656753519164,0.03591545093089516,0.4687959461577928,0.4687959461577928
0.3386330013089554,0.23051522883332126,0.2154258849288617,0.2154258849288617
0.0017081047851858376,0.02349257568943077,0.48739965976269173,0.48739965976269173
0.0009307362819801597,0.003447056556959307,0.4978111035805303,0.4978111035805303
0.04260110766426338,0.6558815800589003,0.15075865613841818,0.15075865613841818
0.010879031264807949,0.9206106494882775,0.03425515962345719,0.03425515962345719
0.9275418216602276,0.0424165189483924,0.015020829695689982,0.015020829695689982
0.0009001800196065273,0.009216906734699486,0.49494145662284694,0.49494145662284694
0.984928456734511,0.013194090049049628,0.0009387266082196259,0.0009387266082196259
0.00011569686194391858,0.9994630976995791,0.00021060271923849195,0.00021060271923849195
0.012955077504588566,0.7113665202281485,0.13783920113363143,0.13783920113363143
0.20165334984486058,0.03904637855650095,0.37965013579931917,0.37965013579931917
0.17235989484402653,0.21680204510289966,0.30541903002653686,0.30541903002653686
0.006170404629232202,0.7997221988058503,0.09705369828245876,0.09705369828245876
7.55501227594496e-05,0.0008910462317354355,0.49951670182275254,0.49951670182275254
0.001222731868510642,0.01023166774778865,0.4942728001918504,0.4942728001918504
3.0031874091014515e-05,0.8588583508761949,0.07055580862485712,0.07055580862485712
0.18241930940880174,0.7953704134602496,0.01110513856547425,0.01110513856547425
0.0031798477173032493,0.010697748598840215,0.49306120184192825,0.49306120184192825
0.3083443422163732,0.41464268638289914,0.13850648570036378,0.13850648570036378
0.49150008874400114,0.3646587993711885,0.0719205559424052,0.0719205559424052
0.9606177094505568,0.022732065955808275,0.00832511229681742,0.00832511229681742
0.9991425482667994,0.0006732742419588918,9.208874562079627e-05,9.208874562079627e-05
0.08918053919595544,0.6247570444828964,0.14303120816057402,0.14303120816057402
0.6838969480153911,0.20424234316554826,0.055930354409530314,0.055930354409530314
0.003894819694512365,0.07856665609574434,0.4587692621048716,0.4587692621048716
0.9616203473803197,0.034988510056009454,0.0016955712818355262,0.0016955712818355262
0.8923453766508491,0.08085466236354867,0.013399980492801075,0.013399980492801075
0.009784769822063324,0.8454990772917509,0.07235807644309292,0.07235807644309292
0.9299823064052697,0.05638851824683784,0.006814587673946209,0.006814587673946209
0.0004802939845189052,0.9843121823140736,0.007603761850703902,0.007603761850703902
0.002323055838793067,0.002788443321565177,0.4974442504198209,0.4974442504198209
1.1338052920565476e-05,0.005671248596097986,0.4971587066754907,0.4971587066754907
0.19252730326283612,0.45926986515361934,0.1741014157917723,0.1741014157917723
0.9204854296273175,0.06579877175297104,0.0068578993098556695,0.0068578993098556695
0.3059144470020784,0.15360824196505996,0.2702386555164308,0.2702386555164308
0.9808454814930843,0.0161047608933509,0.0015248788067824617,0.0015248788067824617
0.9552046955900999,0.03252879374359689,0.00613325533315165,0.00613325533315165
0.00019861580164387392,0.0027879792064517722,0.4985067024959522,0.4985067024959522
0.9244747077237375,0.05695296163478013,0.009286165320741176,0.009286165320741176
0.0006177142898200061,0.003909348583250577,0.49773646856346476,0.49773646856346476
0.9904592132048123,0.008071736891421627,0.0007345249518830725,0.0007345249518830725
0.7334656431079507,0.06320483218314464,0.10166476235445238,0.10166476235445238
0.9975350216982767,0.0009513124301374235,0.0007568329357930254,0.0007568329357930254
0.997423396492306,0.0022379837531389057,0.00016930987727749487,0.00016930987727749487
0.8427253632207127,0.11924033996370535,0.019017148407791035,0.019017148407791035
0.9999925973488605,6.066022723395905e-06,6.683142080425201e-07,6.683142080425201e-07
0.04982621241296081,0.11270132740907318,0.41873623008898303,0.41873623008898303
0.002456404910728735,0.018137812773320848,0.4897028911579753,0.4897028911579753
0.9692964686313115,0.030194823979263614,0.0002543536947123626,0.0002543536947123626
0.0006600070145968729,0.004937184276382494,0.4972014043545104,0.4972014043545104
0.2028447126884738,0.38327039190727974,0.20694244770212325,0.20694244770212325
0.9522510241216152,0.041897605647059966,0.00292568511566239,0.00292568511566239
0.0011212783760088728,0.00380520338357671,0.4975367591202072,0.4975367591202072
0.16295866092936845,0.003199506421766658,0.41692091632443246,0.41692091632443246
0.24557859482480476,0.44293234480543336,0.15574453018488083,0.15574453018488083
0.0004242550405896718,0.06187891590497311,0.4688484145272186,0.4688484145272186
0.0014591751981629444,0.011098071376093059,0.493721376712872,0.493721376712872
0.002963296875401762,0.006794425236380319,0.495121138944109,0.495121138944109
0.9930997328377671,0.0060771211871477205,0.0004115729875426397,0.0004115729875426397
0.0004851128477989533,0.004086244204509896,0.4977143214738456,0.4977143214738456
0.00019769884516069664,0.0029159323369257035,0.49844318440895685,0.49844318440895685
0.9395049965897089,0.04722640372739632,0.0066342998414474505,0.0066342998414474505
0.585574207476843,0.14020321657082788,0.1371112879761645,0.1371112879761645
0.16736056389958562,0.5809998799653309,0.12581977806754177,0.12581977806754177
0.01017262600369045,0.005806049478438,0.49201066225893575,0.49201066225893575
0.0018140293402974107,0.44704109518593277,0.27557243773688495,0.27557243773688495
0.0003276213869497728,0.9832892750178176,0.008191551797616374,0.008191551797616374
0.0020972118218556377,0.0038841678244387707,0.49700931017685274,0.49700931017685274
0.8608758107158355,0.07281705906725665,0.033153565108453915,0.033153565108453915
0.9607553975411078,0.033428868314927314,0.0029078670719823087,0.0029078670719823087
4.618134015135964e-05,0.6210555588577106,0.18944912990106902,0.18944912990106902
0.0010689866635981314,0.004114474639596431,0.4974082693484027,0.4974082693484027
0.9496317724599495,0.04718491771155608,0.001591654914247248,0.001591654914247248
0.8095477690209492,0.1532814512129023,0.018585389883074333,0.018585389883074333
0.007093137271291498,0.007282889808039349,0.4928119864603346,0.4928119864603346
0.9070474652353999,0.07350068903999668,0.009725922862301702,0.009725922862301702
0.32310639196714735,0.15777684414991658,0.25955838194146796,0.25955838194146796
0.3169298291064963,0.16618147100716985,0.2584443499431669,0.2584443499431669
0.26945706136343256,0.25770333284520863,0.23641980289567943,0.23641980289567943
0.14253930012427127,0.09231602564229616,0.3825723371167163,0.3825723371167163
0.0003975877487377982,0.0012487716426624303,0.49917682030429983,0.49917682030429983
0.9954851586096028,0.0038889150641600967,0.0003129631631184318,0.0003129631631184318
0.0013376010350455805,0.08704086640468209,0.4558107662801361,0.4558107662801361
0.20360560240209036,0.6804707247820322,0.0579618364079388,0.0579618364079388
0.9607731324529736,0.025897289394607097,0.006664789076209612,0.006664789076209612
0.003002654578163756,0.08453762967197541,0.4562298578749304,0.4562298578749304
0.000255261013330153,0.2551958588751262,0.37227444005577187,0.37227444005577187
3.987634993593582e-05,0.001538838845721417,0.49921064240217133,0.49921064240217133
0.15261975833077468,0.03951378460577417,0.4039332285317256,0.4039332285317256
0.00030275772694361616,0.008786158853142349,0.49545554170995704,0.49545554170995704
0.0005110374637881978,0.19650495026655115,0.4014920061348303,0.4014920061348303
0.0004906853511069108,0.00445732054403838,0.49752599705242734,0.49752599705242734
0.9483544550408785,0.043555166503429665,0.004045189227845987,0.004045189227845987
0.002778474303222136,0.276718837952973,0.36025134387190244,0.36025134387190244
0.39395968787083413,0.020347307407666736,0.29284650236074955,0.29284650236074955
0.018069014898797423,0.9802411249616662,0.0008449300697681014,0.0008449300697681014
0.0006482025109556327,0.003802078479365249,0.4977748595048395,0.4977748595048395
0.42913243526648087,0.1411136477594215,0.2148769584870488,0.2148769584870488
0.0013985584673819457,0.007725619702812259,0.4954379109149029,0.4954379109149029
0.002362171949932247,0.9975292918267078,5.426811167995515e-05,5.426811167995515e-05
0.0013209064964652098,0.010004332414747581,0.4943373805443936,0.4943373805443936
0.966913718225646,0.02323150345823896,0.0049273891580574785,0.0049273891580574785
0.9878391201062413,0.008766344059907663,0.0016972679169254667,0.0016972679169254667
0.9848295592927822,0.008021846160378309,0.00357429727341986,0.00357429727341986
0.9741533023444613,0.02023408757451521,0.002806305040511749,0.002806305040511749
0.9971056176537747,0.0025137023339866543,0.00019034000611927284,0.00019034000611927284
0.0002531958507606899,0.0032407604982792747,0.49825302182548004,0.49825302182548004
0.05652207210679123,0.35161302801015015,0.2959324499415293,0.2959324499415293
0.964552729317047,0.034307517558431345,0.0005698765622607502,0.0005698765622607502
0.23175537602513072,0.20069420906448357,0.28377520745519286,0.28377520745519286
0.9959013623453393,0.0018748866774276124,0.001111875488616518,0.001111875488616518
0.006392014231012046,0.9012200305479501,0.046193977610518876,0.046193977610518876
0.972341111271358,0.02761355237859713,2.2668175022411973e-05,2.2668175022411973e-05
0.0012669300052998776,0.9158903528470351,0.04142135857383245,0.04142135857383245
0.00018635998166060532,0.000696438986013185,0.4995586005161631,0.4995586005161631
0.9735892587788538,0.02228668709931569,0.0020620270609152127,0.0020620270609152127
0.3625694137656489,0.14054334439281782,0.24844362092076666,0.24844362092076666
0.9852534567559504,0.01086339547605809,0.001941573883995815,0.001941573883995815
0.00046091873153420023,0.007945187989988658,0.4957969466392386,0.4957969466392386
0.0011197437821343125,0.015744638477404874,0.49156780887023044,0.49156780887023044
0.9677745803475765,0.028962421768267008,0.0016314989420782998,0.0016314989420782998
0.08693187053251171,0.43989000830914926,0.23658906057916948,0.23658906057916948
0.9923434865953202,0.00673467332094279,0.0004609200418684562,0.0004609200418684562
4.5266040745199386e-05,0.9999465423998809,4.095779686992413e-06,4.095779686992413e-06
2.951910485625436e-06,0.21518482370817996,0.3924061121906671,0.3924061121906671
0.048008349300854215,0.1855779370344437,0.38320685683235106,0.38320685683235106
0.008232403670783192,0.7366243303733003,0.1275716329779582,0.1275716329779582
0.010153354576591379,0.05941247083448863,0.46521708729445993,0.46521708729445993
0.9767636063741953,0.012471482826008278,0.005382455399898126,0.005382455399898126
0.0002106652546885859,0.0020796822633641927,0.4988548262409736,0.4988548262409736
0.0007960549371880958,0.025156414684164585,0.4870237651893236,0.4870237651893236
0.543200400708193,0.44282661887653696,0.006986490207634959,0.006986490207634959
0.9872681547895616,0.010246556411157823,0.0012426443996401892,0.0012426443996401892
0.0005185709706223004,0.0020645692646817943,0.498708429882348,0.498708429882348
4.117935565684394e-06,0.00010729177167743604,0.4999442951463784,0.4999442951463784
0.9898636955092058,0.007289735423912652,0.0014232845334407815,0.0014232845334407815
0.22781860651070995,0.07153949872084334,0.35032094738422337,0.35032094738422337
0.00036591478270480484,0.002492896265007534,0.4985705944761439,0.4985705944761439
0.9849036421613456,0.012968765481312036,0.0010637961786712068,0.0010637961786712068
0.6625666880861732,0.28669565399557556,0.025368828959125594,0.025368828959125594
0.038226355510138955,0.04764401031581585,0.45706481708702257,0.45706481708702257
0.9978133221331297,0.0016839903861120523,0.0002513437403790754,0.0002513437403790754
0.744612610234349,0.17328958500994515,0.04104890237785295,0.04104890237785295
0.004342698269538937,0.00996616519934518,0.4928455682655579,0.4928455682655579
0.0009954007420244259,0.014008862049595394,0.4924978686041901,0.4924978686041901
2.8112167416522307e-05,0.06230534444730294,0.46883327169264033,0.46883327169264033
0.45583158560568887,0.17217706784320413,0.18599567327555347,0.18599567327555347
0.9935507383044285,0.005338181921961768,0.0005555398868048937,0.0005555398868048937
0.9685375602562298,0.028579431020132426,0.001441504361818904,0.001441504361818904
4.14053641171023e-05,0.0005113787147613795,0.49972360796056076,0.49972360796056076
0.0004799496798651024,0.07970449520786616,0.45990777755613443,0.45990777755613443
0.03697034988533299,0.9344108623357649,0.014309393889451022,0.014309393889451022
0.0019997952926703922,0.007814998888575848,0.4950926029093769,0.4950926029093769
0.32898728836104996,0.6178335674278345,0.026589572105557777,0.026589572105557777
0.0029405773693407366,0.00770451057412134,0.494677456028269,0.494677456028269
0.0006538355393367139,0.003046826545149956,0.4981496689577567,0.4981496689577567
0.968874414751395,0.02456039044012591,0.0032825974042395944,0.0032825974042395944
0.472469306049705,0.5057653285207547,0.010882682714770222,0.010882682714770222
9.087743341275037e-05,0.003753378749134525,0.49807787190872643,0.49807787190872643
0.2738010058780545,0.14792443759823903,0.2891372782618532,0.2891372782618532
0.9959989006098148,0.003545028338114735,0.00022803552603530526,0.00022803552603530526
0.000630496886946779,0.028200873114586463,0.4855843149992333,0.4855843149992333
0.8170879600623211,0.07476476750244583,0.05407363621761651,0.05407363621761651
0.576917369013596,0.229453191089647,0.0968147199483785,0.0968147199483785
0.06979060183206517,0.16721816823889493,0.38149561496452,0.38149561496452
0.0002740171263174772,0.008757717663110898,0.4954841326052858,0.4954841326052858
0.9050822285545417,0.060094949306817434,0.017411411069320454,0.017411411069320454
0.0048857095604643765,0.46517539492567617,0.26496944775692977,0.26496944775692977
0.22553949139991772,0.17851904170860425,0.297970733445739,0.297970733445739
0.976638824038214,0.022452835410590524,0.00045417027559779057,0.00045417027559779057
0.004654568865877471,0.7785625142994631,0.10839145841732964,0.10839145841732964
0.09044928555375387,0.6141193639082057,0.14771567526902032,0.14771567526902032
0.0006191305860119919,0.0061053225158452604,0.4966377734490714,0.4966377734490714
0.2862896723716915,0.25521444147042216,0.22924794307894317,0.22924794307894317
0.002363633634806298,0.8772571024676545,0.06018963194876954,0.06018963194876954
0.9691367915735538,0.027101952403552124,0.0018806280114470847,0.0018806280114470847
4.287302274893917e-05,0.0020754697400258188,0.4989408286186126,0.4989408286186126
0.8512271998013672,0.13790693488011543,0.005432932659258775,0.005432932659258775
0.8092871449957205,0.15802508595210976,0.01634388452608493,0.01634388452608493
0.8286044424408174,0.13916258015146266,0.01611648870385998,0.01611648870385998
0.5960082889626744,0.26649475826790936,0.06874847638470805,0.06874847638470805
0.10663170698621874,0.29168688240798024,0.3008407053029004,0.3008407053029004
0.002549370001392188,0.01220256615712731,0.4926240319207403,0.4926240319207403
0.20434730993585176,0.2610262679956563,0.2673132110342459,0.2673132110342459
0.01921275537656497,0.26861373034924635,0.3560867571370943,0.3560867571370943
0.0003173250577793926,0.0050051700508048245,0.4973387524457079,0.4973387524457079
0.029224607945900087,0.9662388807891592,0.0022682556324703745,0.0022682556324703745
0.09140842187682967,0.01702082539031847,0.4457853763664259,0.4457853763664259
0.004455317843369818,0.8349721772949883,0.08028625243082094,0.08028625243082094
0.0016027392878766923,0.013968631663668553,0.4922143145242274,0.4922143145242274
0.9649175531937485,0.02694082140239689,0.004070812701927269,0.004070812701927269
0.007450959589506842,0.5747544051390057,0.20889731763574373,0.20889731763574373
0.17936112761530987,0.2082004351397205,0.3062192186224848,0.3062192186224848
0.9575752183224713,0.024235155241831393,0.009094813217848628,0.009094813217848628
0.09791912222995992,0.097284712002356,0.402398082883842,0.402398082883842
0.24691278874780428,0.14775199995767624,0.3026676056472597,0.3026676056472597
0.9483351897967279,0.04167110718921063,0.004996851507030623,0.004996851507030623
0.0029067791087117618,0.029711840390061733,0.48369069025061323,0.48369069025061323
0.015276915199377072,0.8382722081797034,0.0732254383104598,0.0732254383104598
0.7190774055908196,0.28055478258179745,0.00018390591369148933,0.00018390591369148933
0.0003267919170815979,0.20667930695070907,0.3964969505661046,0.3964969505661046
0.4043146236620217,0.18716551761776865,0.20425992936010487,0.20425992936010487
0.0018331281392823101,0.7811942771653725,0.10848629734767262,0.10848629734767262
0.002793840851410437,0.04691874606034216,0.4751437065441237,0.4751437065441237
0.9920010008340348,0.007604377864036783,0.0001973106509643333,0.0001973106509643333
0.9890590697757435,0.007425010186517384,0.001757960018869559,0.001757960018869559
0.7501489667522139,0.15018559197712633,0.04983272063532997,0.04983272063532997
0.9870691873258532,0.010806417121407145,0.001062197776369778,0.001062197776369778
0.0006051021039874133,0.004149724438723896,0.4976225867286443,0.4976225867286443
0.00038292898623391863,0.00252664990857548,0.4985452105525953,0.4985452105525953
0.10024561469493402,0.8859170485303725,0.006918668387346757,0.006918668387346757
0.00011181093828802138,0.9971030402771047,0.00139257439230359,0.00139257439230359
0.09049123413482531,0.07803465209198361,0.4157370568865955,0.4157370568865955
0.21694416058486504,0.18037535693345344,0.30134024124084074,0.30134024124084074
0.0037365068087482508,0.9635758099659397,0.01634384161265604,0.01634384161265604
0.9097641256267128,0.0808168402950636,0.004709517039111796,0.004709517039111796
0.3381308171173037,0.20477930812119502,0.2285449373807506,0.2285449373807506
0.00019727721955272216,0.02600671220465454,0.4868980052878964,0.4868980052878964
0.9923268959292628,0.005877036188075727,0.0008980339413306665,0.0008980339413306665
0.7091731286180131,0.05592993148239195,0.11744846994979753,0.11744846994979753
0.9852814772647127,0.008251767039928764,0.0032333778476792375,0.0032333778476792375
0.011648489240944868,0.47332227203491717,0.257514619362069,0.257514619362069
0.48819237482152184,0.16088817185101,0.17545972666373405,0.17545972666373405
0.24913589049515758,0.09670822856287628,0.32707794047098304,0.32707794047098304
0.998568151111395,0.0013886366021472467,2.1606143228932112e-05,2.1606143228932112e-05
0.030311953028306325,0.045986235530230214,0.46185090572073173,0.46185090572073173
0.005287807301241564,0.9436956043447402,0.025508294177009033,0.025508294177009033
0.020827772119590013,0.03846263667796923,0.47035479560122034,0.47035479560122034
0.05630617100813512,0.9383322886067417,0.002680770192561606,0.002680770192561606
0.019767789537338522,0.019494918112614525,0.4803686461750235,0.4803686461750235
1.2660819986871176e-05,0.10303378102047483,0.4484767790797692,0.4484767790797692
0.0009233096351968637,0.006646626052230459,0.4962150321562864,0.4962150321562864
0.1317369139058761,0.6545885414770144,0.10683727230855479,0.10683727230855479
0.9557150903314002,0.03841929648351019,0.0029328065925447637,0.0029328065925447637
0.0015820943601690268,0.008228053826933666,0.4950949259064486,0.4950949259064486
0.11102715451819524,0.8579748671500769,0.015498989165863994,0.015498989165863994
0.002482643551642847,0.005370515717567743,0.4960734203653947,0.4960734203653947
0.29316045789297696,0.11219294327833254,0.29732329941434515,0.29732329941434515
0.017485694575546395,0.13328412046663993,0.42461509247890683,0.42461509247890683
0.001045287375263896,0.8159816344127203,0.09148653910600793,0.09148653910600793
0.6077467588692185,0.1531715109537595,0.119540865088511,0.119540865088511
0.0010037033916228664,0.005685371946183007,0.4966554623310971,0.4966554623310971
0.0026212059759141582,0.004328125368721661,0.4965253343276821,0.4965253343276821
0.0019367710149961657,0.8826441878444415,0.05770952057028105,0.05770952057028105
0.6829155483383912,0.038277842493865004,0.13940330458387187,0.13940330458387187
3.8450032907130504e-05,0.0015640901369936107,0.49919872991504965,0.49919872991504965
0.4672884937595384,0.261555585923817,0.13557796015832232,0.13557796015832232
0.9810801560743295,0.017406682161410295,0.0007565808821301023,0.0007565808821301023
0.0007178303635738134,0.0039015659559808245,0.49769030184022267,0.49769030184022267
0.9983781547182983,0.0014630629031069382,7.93911892973651e-05,7.93911892973651e-05
0.999891437026345,9.546903834386703e-05,6.546967655531707e-06,6.546967655531707e-06
0.980739712621973,0.011694364928472898,0.0037829612247769436,0.0037829612247769436
0.7513335200260919,0.049966343781764365,0.0993500680960719,0.0993500680960719
0.9930229105450276,0.006594617169113682,0.00019123614292940045,0.00019123614292940045
0.00036316984195195324,0.001627614311352471,0.4990046079233478,0.4990046079233478
1.8097960205358685e-05,0.008112807267342433,0.4959345473862261,0.4959345473862261
0.053745573003599924,0.9393247827162965,0.003464822140051871,0.003464822140051871
0.08488361854081745,0.21878316488543148,0.34816660828687557,0.34816660828687557
0.0014884712802827986,0.9949073396932512,0.0018020945132330257,0.0018020945132330257
0.001044368496309353,0.004436263166887866,0.4972596841684014,0.4972596841684014
0.9884796279848641,0.011217421191859013,0.0001514754116384971,0.0001514754116384971
0.0032972715535628345,0.9684485175407569,0.014127105452840166,0.014127105452840166
0.9757775990960729,0.013495208421064796,0.005363596241431078,0.005363596241431078
0.06014596192498319,0.12474533095919363,0.4075543535579116,0.4075543535579116
0.435993394626049,0.06582022048281151,0.24909319244556974,0.24909319244556974
0.01176083932487684,0.08722363267282426,0.4505077640011495,0.4505077640011495
0.32604139591584613,0.1563229961121907,0.2588178039859816,0.2588178039859816
0.5291516406348433,0.18420974853155594,0.14331930541680032,0.14331930541680032
0.28178623421786336,0.13718751996443534,0.2905131229088506,0.2905131229088506
0.9952581128427269,0.003870571278805946,0.00043565793923364734,0.00043565793923364734
0.928413021840184,0.06648502274471398,0.0025509777075509404,0.0025509777075509404
0.980315481877764,0.016230211942726936,0.0017271530897544234,0.0017271530897544234
0.4058376907621148,0.17877951793148658,0.2076913956531993,0.2076913956531993
0.0004390167578992115,0.9721229675225483,0.013719007859776252,0.013719007859776252
0.0003154828224876521,0.008107981575103004,0.49578826780120466,0.49578826780120466
0.0009631859550578516,0.9145125708877712,0.04226212157858549,0.04226212157858549
0.002118017999242608,0.05293584694421095,0.4724730675282732,0.4724730675282732
0.7376054622040427,0.1430092162650688,0.05969266076544425,0.05969266076544425
0.18953251815727779,0.19369032282752321,0.3083885795075994,0.3083885795075994
0.9692997720266746,0.025856807856607107,0.0024217100583591718,0.0024217100583591718
0.9690770348782465,0.020383874204598,0.005269545458577821,0.005269545458577821
2.2155261142546847e-05,0.041863725523788545,0.4790570596075345,0.4790570596075345
0.9649522931706367,0.027668059548509292,0.003689823640427034,0.003689823640427034
0.7744128842603016,0.2219395779780226,0.0018237688808378798,0.0018237688808378798
0.8471438860237875,0.11380319051581653,0.019526461730197973,0.019526461730197973
0.0008973534635622861,0.004799897465123634,0.49715137453565705,0.49715137453565705
0.001290087223439396,0.006775477413071304,0.4959672176817446,0.4959672176817446
0.00021109336900810335,0.0035446706981951924,0.4981221179663984,0.4981221179663984
0.004348316926173589,0.21741084462158256,0.38912041922612195,0.38912041922612195
0.9860176261151097,0.013286842114415975,0.00034776588523712117,0.00034776588523712117
0.5599928793554834,0.12916931565499257,0.155418902494762,0.155418902494762
8.954626136482879e-05,0.00041832363463882816,0.49974606505199815,0.49974606505199815
0.0028331916398947696,0.9268612371545542,0.0351527856027755,0.0351527856027755
0.001354603893566679,0.013236909239395774,0.4927042434335188,0.4927042434335188
1.6640264764473109e-06,0.9931532422207747,0.0034225468763743874,0.0034225468763743874
0.0015247936407713312,0.005995799156166007,0.49623970360153136,0.49623970360153136
0.0007853397655107479,0.0013592881824430719,0.4989276860260231,0.4989276860260231
0.0053156872563411405,0.05625316513031162,0.4692155738066736,0.4692155738066736
0.5908100955853779,0.1270390651165754,0.14107541964902337,0.14107541964902337
0.5974380740795882,0.05334342016231612,0.1746092528790478,0.1746092528790478
0.0036151561351470064,0.011935713564844585,0.49222456515000423,0.49222456515000423
0.0009710260518985767,0.004722781934692127,0.4971530960067046,0.4971530960067046
0.0018111579213162183,0.006495868609391287,0.49584648673464626,0.49584648673464626
0.11065416277514604,0.88874440602589,0.0003007155994820172,0.0003007155994820172
0.33428013055474476,0.11179639953531187,0.27696173495497173,0.27696173495497173
0.9917103127329342,0.008157445277207367,6.612099492916481e-05,6.612099492916481e-05
0.6435090433097201,0.09641252111382644,0.13003921778822677,0.13003921778822677
0.0008366008982078812,0.27729775416871705,0.36093282246653746,0.36093282246653746
0.839360500598514,0.059784133106555275,0.05042768314746536,0.05042768314746536
0.001508808072950194,0.16304398050471608,0.4177236057111668,0.4177236057111668
0.9671872887432545,0.022919593518382644,0.004946558869181402,0.004946558869181402
0.9782124791412381,0.0203814852971351,0.0007030177808134327,0.0007030177808134327
0.9815415922931563,0.014582532219002842,0.0019379377439204216,0.0019379377439204216
0.0017590070308993032,0.009337601894985689,0.4944516955370574,0.4944516955370574
1.684895950535121e-05,0.04310045808542421,0.4784413464775352,0.4784413464775352
0.8553717368730644,0.08755228470694215,0.028537989209996836,0.028537989209996836
0.9869902278856116,0.012003042250828155,0.000503364931780125,0.000503364931780125
0.2886554884876681,0.6016849056028228,0.05482980295475459,0.05482980295475459
0.9985663846473153,0.0008991734154213221,0.0002672209686318069,0.0002672209686318069
0.9977721707893589,0.0018358818980859968,0.00019597365627760935,0.00019597365627760935
0.2346427851063756,0.05638844684227008,0.35448438402567717,0.35448438402567717
0.00035113330295773106,0.9905998343098652,0.0045245161935885255,0.0045245161935885255
0.982738840595394,0.016732340589589258,0.00026440940750848156,0.00026440940750848156
0.008057306093578775,0.18968774428559856,0.40112747481041133,0.40112747481041133
0.9922707024093484,0.007420125386982659,0.00015458610183436994,0.00015458610183436994
0.9745175799803699,0.021339131755198314,0.002071644132215817,0.002071644132215817
0.9774003433339342,0.019115439056718714,0.001742108804673544,0.001742108804673544
0.0011955537075513387,0.24052148774020066,0.379141479276124,0.379141479276124
0.001996330391104,0.007753238994247467,0.4951252153073243,0.4951252153073243
0.9682851044282755,0.02624109184821469,0.0027369018617548787,0.0027369018617548787
0.0018252796230802807,0.009089620820690805,0.49454254977811446,0.49454254977811446
0.9646903734494853,0.025912026208847073,0.004698800170833767,0.004698800170833767
0.0014993639414959447,0.154723705197003,0.42188846543075054,0.42188846543075054
0.002587394172392057,0.9308063543776385,0.03330312572498468,0.03330312572498468
0.0015111040515972847,0.006722368472192123,0.4958832637381053,0.4958832637381053
0.0008344649821313076,0.007304828008297864,0.49593035350478537,0.49593035350478537
0.016961244333898097,0.7930854700074388,0.09497664282933159,0.09497664282933159
0.0008796539887826661,0.8046226072346203,0.09724886938829852,0.09724886938829852
0.9995574861019565,0.00038535614017884797,2.8578878932228678e-05,2.8578878932228678e-05
0.013530076995320769,0.9783966230627396,0.004036649970969884,0.004036649970969884
0.009214333931698983,0.03760211533151563,0.47659177536839276,0.47659177536839276
0.00014798680368314154,0.00109151629566614,0.49938024845032536,0.49938024845032536
0.9820470289392473,0.017576085474093,0.00018844279332992352,0.00018844279332992352
0.26268828859147536,0.046259558587855645,0.3455260764103345,0.3455260764103345
0.0005257633697846143,0.9763254319442118,0.011574402343001803,0.011574402343001803
0.1828132793231101,0.8075987191009206,0.004794000787984656,0.004794000787984656
0.001806729530936694,0.014154297976625176,0.49201948624621905,0.49201948624621905
0.002289620868338504,0.004707637755860163,0.4965013706879006,0.4965013706879006
0.016987623510227395,0.6263347985535915,0.1783387889680906,0.1783387889680906
0.0016831624196335592,0.0066158905646699325,0.4958504735078482,0.4958504735078482
9.60664023422188e-13,4.4779211041370595e-06,0.49999776103896765,0.49999776103896765
0.12051178611639267,0.048849666832088155,0.4153192735257596,0.4153192735257596
0.9978313485731701,0.0015908751484213738,0.0002888881392042112,0.0002888881392042112
0.08906674390808135,0.0612758634205444,0.42482869633568715,0.42482869633568715
0.0037694357183662114,0.031091215311974542,0.48256967448482957,0.48256967448482957
0.14222359498486328,0.04117784758459405,0.40829927871527133,0.40829927871527133
0.006992248074344547,0.7871368468361958,0.10293545254472983,0.10293545254472983
0.9344312491342196,0.05100573383333808,0.007281508516221146,0.007281508516221146
0.0008206665810150831,0.006002413478263072,0.4965884599703609,0.4965884599703609
0.0008810171751909525,0.0044907595033626905,0.49731411166072315,0.49731411166072315
0.0010021350571221422,0.006346051326437846,0.49632590680822003,0.49632590680822003
0.32299229568172216,0.10326809498310681,0.28686980466758555,0.28686980466758555
0.018113150434739697,0.05984980763156002,0.4610185209668501,0.4610185209668501
0.003785787353347879,0.3284727509745419,0.33387073083605506,0.33387073083605506
0.37776765816071495,0.4922463712292592,0.0649929853050129,0.0649929853050129
0.9547685556596726,0.027406191664273792,0.008912626338026764,0.008912626338026764
0.28244543486583346,0.05650252802818226,0.33052601855299224,0.33052601855299224
0.637630335405887,0.11080353784711096,0.12578306337350112,0.12578306337350112
0.9445730075810762,0.02600094754905965,0.014713022434932123,0.014713022434932123
0.9683904721353711,0.0275316261650476,0.00203895084979074,0.00203895084979074
0.0007125278899173577,0.0022274641281285587,0.498530003990977,0.498530003990977
0.00013400104495576336,0.0029769292586338298,0.4984445348482051,0.4984445348482051
0.00017087846453125131,0.0003397984236165777,0.49974466155592606,0.49974466155592606
0.04523558345711484,0.025743547720510972,0.46451043441118706,0.46451043441118706
0.6175239831957771,0.3800177290137144,0.001229143895254226,0.001229143895254226
9.781914778461589e-05,0.0034389461201092372,0.4982316173660531,0.4982316173660531
0.0022229864309934225,0.011143446096446812,0.49331678373627985,0.49331678373627985
0.03522389130557452,0.43879159892170716,0.2629922548863592,0.2629922548863592
0.1845043070562706,0.1055276292955522,0.3549840318240886,0.3549840318240886
0.00125733966544736,0.5972274996454583,0.20075758034454713,0.20075758034454713
0.3366059825172284,0.14550537899578347,0.25894431924349404,0.25894431924349404
0.9911343566497838,0.008753469201659116,5.608707427851459e-05,5.608707427851459e-05
0.018830650402059838,0.14716963231572505,0.4169998586411076,0.4169998586411076
0.6763130754717814,0.32097270816663886,0.0013571081807898164,0.0013571081807898164
0.9773692536083693,0.022604850949167508,1.2947721231682768e-05,1.2947721231682768e-05
1.3302411435527543e-06,0.00010180510362908369,0.49994843232761366,0.49994843232761366
0.5841398161791566,0.08999376277597793,0.16293321052243281,0.16293321052243281
0.469135928522716,0.130593905809017,0.2001350828341335,0.2001350828341335
0.09077930382175975,0.40501792611870696,0.25210138502976664,0.25210138502976664
0.0002456345707667898,0.0005724611923360732,0.49959095211844856,0.49959095211844856
8.116814632681337e-05,0.9937320516824378,0.0030933900856177565,0.0030933900856177565
0.9878776129777352,0.008505889590617809,0.0018082487158235135,0.0018082487158235135
0.9356276390459147,0.06128392513183207,0.0015442179111266332,0.0015442179111266332
0.9519178790546028,0.03596976662257099,0.0060561771614131045,0.0060561771614131045
0.9410125635076538,0.04643513956053346,0.00627614846590644,0.00627614846590644
0.9918452463951535,0.0034742099251500115,0.0023402718398481312,0.0023402718398481312
0.004791949982000366,0.031792722867254146,0.48170766357537276,0.48170766357537276
0.34345216546807983,0.11181523769740977,0.2723662984172552,0.2723662984172552
0.9642107972507513,0.03570211533291889,4.35437081648827e-05,4.35437081648827e-05
0.9430262885113918,0.05687717735911543,4.8267064746394156e-05,4.8267064746394156e-05
0.9691609996249533,0.02814108894583693,0.0013489557146048568,0.0013489557146048568
0.992859501787628,0.0030176825383577454,0.002061407837006983,0.002061407837006983
0.0001611436135975291,0.4185267046635787,0.2906560758614119,0.2906560758614119
0.3135454356918496,0.4550213222805897,0.11571662101378034,0.11571662101378034
0.0006160818738504017,0.0023629824893118693,0.49851046781841885,0.49851046781841885
0.970203983923497,0.024466536874801235,0.002664739600850856,0.002664739600850856
0.00852945544844648,0.9708048987087661,0.010332822921393718,0.010332822921393718
0.9798443612543208,0.01875750134243333,0.0006990687016229361,0.0006990687016229361
3.976010889047186e-06,0.0007800663869096845,0.49960797880110064,0.49960797880110064
0.9842620818586368,0.011484429999817278,0.0021267440707729833,0.0021267440707729833
0.0015526010848312673,0.012129392553936176,0.4931590031806163,0.4931590031806163
0.2557277329452834,0.26848991033139413,0.23789117836166124,0.23789117836166124
0.0004048076656723491,0.026283905028557545,0.48665564365288505,0.48665564365288505
1.76327735499919e-05,0.006564681718187423,0.4967088427541313,0.4967088427541313
0.0043263600562677305,0.003722615657084815,0.49597551214332375,0.49597551214332375
0.0006954218115297761,0.007217894613083992,0.4960433417876931,0.4960433417876931
0.0030185816539509917,0.006160063402195068,0.495410677471927,0.495410677471927
0.006825442196530107,0.4757807456218082,0.25869690609083085,0.25869690609083085
0.9855639459541209,0.013367334557623687,0.0005343597441277338,0.0005343597441277338
0.0015752666214236388,0.005383962037829396,0.4965203856703735,0.4965203856703735
0.8115448171669716,0.036530210858525605,0.07596248598725135,0.07596248598725135
0.00028479922576588046,0.004482716310659886,0.4976162422317871,0.4976162422317871
0.9950393814176938,0.004465951598967473,0.0002473334916693783,0.0002473334916693783
0.9980493724633837,0.0014481729775952142,0.00025122727951070573,0.00025122727951070573
0.9999528424665426,1.7671680726413088e-05,1.4742926365550679e-05,1.4742926365550679e-05
0.9535663192559245,0.0392640356354967,0.0035848225542893684,0.0035848225542893684
0.7714713889980825,0.13252874777247942,0.047999931614718994,0.047999931614718994
0.9916391690973027,0.006823409681952525,0.0007687106103723345,0.0007687106103723345
0.04853193486923451,0.03907653004535085,0.45619576754270735,0.45619576754270735
0.00035685336342298856,0.002178354274396174,0.49873239618109044,0.49873239618109044
0.002466364329539727,0.008931149722526515,0.4943012429739669,0.4943012429739669
0.00022109954863827665,0.0016275206243666013,0.49907568991349754,0.49907568991349754
0.43495576839017824,0.1828642993306616,0.19108996613958001,0.19108996613958001
0.9603091976369393,0.02417587689482561,0.007757462734117525,0.007757462734117525
