0	0	0.997497247	0.000351287	0.002151466
0	0	0.931962257	0.01466542	0.053372323
0	0	0.997304075	6.52099E-05	0.002630715
0	0	0.999777288	3.22619E-05	0.00019045
0	0	0.998392761	0.000452416	0.001154823
0	0	0.976647666	0.002817432	0.020534902
0	0	0.993385832	0.000361432	0.006252736
0	0	0.99862877	0.000113028	0.001258201
0	0	0.998451792	0.000162092	0.001386116
0	0	0.989288446	0.000495239	0.010216315
0	0	0.999778932	4.73227E-05	0.000173745
0	0	0.999305994	0.000171197	0.000522809
0	0	0.952869958	0.001930885	0.045199157
0	0	0.998169009	6.02064E-05	0.001770784
0	0	0.960515938	0.001236853	0.038247208
0	0	0.856544181	0.070598288	0.072857531
0	0	0.947066911	0.001966528	0.050966561
0	0	0.995556901	0.001391389	0.003051711
0	2	0.464461252	0.016967133	0.518571614
0	0	0.860786448	0.005667491	0.133546061
0	0	0.929784821	0.00315079	0.067064389
0	0	0.995959744	0.000146374	0.003893883
0	0	0.750545144	0.001759447	0.247695409
0	0	0.966135573	0.000652662	0.033211765
0	0	0.99911876	4.33987E-05	0.000837841
0	0	0.999350379	5.87717E-05	0.000590849
0	0	0.989882397	0.000362542	0.00975506
0	0	0.954848813	0.001751466	0.043399721
0	0	0.99959274	1.65354E-05	0.000390725
0	0	0.998686621	0.000226466	0.001086912
0	0	0.973980154	0.000501672	0.025518175
0	0	0.996413134	0.00016816	0.003418705
0	0	0.999872577	2.93787E-06	0.000124485
0	2	0.003174382	0.010177843	0.986647774
0	2	0.23502719	0.001252825	0.763719985
0	0	0.990085093	0.001044764	0.008870143
0	0	0.99880325	0.000256624	0.000940125
0	0	0.9916524	0.000763359	0.007584242
0	0	0.939304763	0.003547489	0.057147748
0	0	0.988045746	0.000813287	0.011140967
0	0	0.984316829	0.001123611	0.01455956
0	0	0.992874135	0.00028849	0.006837375
0	0	0.984602352	0.005785402	0.009612245
0	0	0.888447909	0.004096676	0.107455415
0	0	0.997013588	0.000577045	0.002409368
0	0	0.99711038	0.000193102	0.002696518
0	0	0.997150863	0.00015224	0.002696898
0	0	0.999260369	0.000376897	0.000362734
0	0	0.953011412	0.001209524	0.045779064
0	0	0.985114797	0.002005429	0.012879774
0	0	0.999289282	0.000207763	0.000502954
0	0	0.984321005	0.000308465	0.01537053
0	0	0.999228958	6.29751E-05	0.000708067
0	0	0.995570776	0.00026464	0.004164583
0	0	0.995802969	0.000211983	0.003985048
0	0	0.91431194	0.000957884	0.084730176
0	0	0.987234929	0.01121002	0.001555051
0	0	0.991755422	0.000719986	0.007524592
0	0	0.852726147	0.003097324	0.14417653
0	0	0.999243132	0.000102838	0.00065403
0	0	0.96303353	0.000855806	0.036110664
0	0	0.998224131	0.000160154	0.001615715
0	0	0.999043241	0.00013038	0.000826379
0	0	0.999271552	0.000226056	0.000502393
0	0	0.946250703	0.008440213	0.045309084
0	0	0.992435648	0.000701919	0.006862434
0	0	0.975492616	0.013824503	0.010682881
0	0	0.998870335	0.000109846	0.001019819
0	0	0.997935124	0.000156623	0.001908253
0	0	0.758455867	0.0005712	0.240972932
0	0	0.991306116	0.000281344	0.008412539
0	0	0.993987431	0.000209281	0.005803287
0	0	0.958789989	0.00020181	0.041008201
0	0	0.982193045	0.000876944	0.016930011
0	0	0.976319442	0.008230854	0.015449704
0	0	0.999865109	5.73215E-05	7.75696E-05
0	0	0.959747292	0.000793398	0.03945931
0	0	0.625167961	0.328002211	0.046829828
0	0	0.994244324	0.000201873	0.005553803
0	0	0.917083889	0.012388876	0.070527235
0	0	0.842011234	0.000965599	0.157023167
0	0	0.99652059	0.000257836	0.003221573
0	0	0.995047822	0.000135469	0.004816708
0	0	0.99884633	0.00013255	0.001021121
0	0	0.898697718	0.004589388	0.096712894
0	0	0.998852716	9.21081E-05	0.001055176
0	0	0.997473603	0.001982435	0.000543963
0	0	0.999092023	6.56214E-05	0.000842356
0	0	0.995366712	0.000172564	0.004460725
0	0	0.999820575	8.0651E-05	9.87737E-05
0	0	0.981805137	0.000519127	0.017675736
0	0	0.931672515	0.000850851	0.067476634
0	0	0.906683879	0.0043466	0.088969521
0	0	0.999683881	4.42296E-05	0.000271889
0	0	0.942832477	0.043942793	0.013224731
0	0	0.998407203	6.05105E-05	0.001532287
0	0	0.990014332	0.00203688	0.007948788
0	0	0.991469014	0.000338743	0.008192243
0	0	0.99608859	0.000188386	0.003723024
0	0	0.993453484	0.000269547	0.006276969
0	0	0.99708986	0.00016772	0.00274242
0	2	0.495954313	0.003557592	0.500488095
0	0	0.985981082	0.000856875	0.013162043
0	0	0.997740942	0.00021468	0.002044378
0	0	0.983719411	0.001238673	0.015041916
0	0	0.989983045	0.001291995	0.008724959
0	0	0.959656901	0.00112353	0.039219569
0	0	0.995002401	0.003439222	0.001558377
0	0	0.913857269	0.003793065	0.082349666
0	2	0.37268866	0.055709093	0.571602248
0	0	0.976915669	0.001604802	0.021479529
0	0	0.953056786	0.003084453	0.043858761
0	0	0.9963652	0.000175681	0.003459119
0	0	0.877462799	0.001253243	0.121283958
0	0	0.98905238	0.000364637	0.010582983
0	0	0.996726166	0.000322445	0.002951389
0	0	0.981247905	0.002234517	0.016517578
0	0	0.951505277	0.020596996	0.027897727
0	0	0.962495775	0.000146875	0.03735735
0	0	0.982213572	0.002899124	0.014887304
0	0	0.998183192	0.000139086	0.001677722
0	0	0.993424839	7.54457E-05	0.006499715
0	0	0.898023159	0.004199208	0.097777634
0	0	0.993714379	0.000624908	0.005660713
0	0	0.988126287	0.000250427	0.011623286
0	0	0.979232439	0.000959895	0.019807666
0	0	0.979171186	0.000960892	0.019867922
0	0	0.973837484	0.000912054	0.025250462
0	0	0.994215761	0.000197731	0.005586507
0	0	0.990498163	0.00081327	0.008688567
0	0	0.991111377	0.000807532	0.008081091
0	0	0.987075405	0.000332787	0.012591808
0	0	0.996713986	0.000159672	0.003126343
0	0	0.998629424	0.000194735	0.001175841
0	0	0.999052956	0.000294967	0.000652077
0	0	0.999384915	0.000192962	0.000422122
0	0	0.815260575	0.001589005	0.183150421
0	0	0.99319659	0.000494716	0.006308694
0	0	0.993560508	0.000371092	0.0060684
0	0	0.997946784	0.000527292	0.001525924
0	0	0.88427139	0.018771955	0.096956655
0	0	0.999817701	1.25313E-05	0.000169767
0	1	0.074485671	0.923163879	0.00235045
0	0	0.99826806	0.000273712	0.001458228
0	0	0.920804359	0.003050018	0.076145622
0	0	0.845533755	0.001507523	0.152958722
0	0	0.998808401	0.000148743	0.001042856
0	0	0.981530062	0.001173291	0.017296647
0	0	0.999671285	3.08082E-05	0.000297907
0	0	0.994357147	0.000871183	0.00477167
0	0	0.998002797	0.000180804	0.001816399
0	0	0.964290683	0.000690246	0.035019071
0	0	0.922056559	0.000904843	0.077038598
0	0	0.957917156	0.019896847	0.022185996
0	0	0.99718697	0.000190241	0.002622789
0	2	0.198412035	0.006902929	0.794685036
0	0	0.94029005	0.000854267	0.058855683
0	0	0.991827485	0.000314381	0.007858134
0	0	0.999871468	2.13336E-05	0.000107198
0	0	0.99941443	4.68347E-05	0.000538736
0	0	0.996986548	0.000409482	0.00260397
0	0	0.999428086	7.29474E-05	0.000498966
0	0	0.974506182	0.000489942	0.025003876
0	0	0.991087559	0.002358918	0.006553524
0	0	0.997707098	0.000936468	0.001356435
0	0	0.99152471	0.00039002	0.00808527
0	0	0.99861134	0.00061802	0.00077064
0	0	0.990045256	0.002013653	0.007941091
0	0	0.993464038	0.00016852	0.006367442
0	0	0.999391954	4.19846E-05	0.000566061
0	0	0.993819684	0.00025724	0.005923075
0	2	0.293540421	0.001235672	0.705223907
0	0	0.994425425	0.000183391	0.005391184
0	0	0.9972047	0.00018659	0.002608711
0	0	0.998122273	0.001306531	0.000571195
0	0	0.973036428	0.011555038	0.015408534
0	0	0.9988101	4.15053E-05	0.001148394
0	0	0.991086804	0.000978047	0.007935149
0	2	0.148467181	0.002274054	0.849258766
0	0	0.994185649	0.000200573	0.005613778
0	0	0.973554825	0.006424727	0.020020448
0	1	6.2765E-05	0.999687376	0.000249859
0	0	0.98457318	0.012417518	0.003009302
0	0	0.847790431	0.007006466	0.145203103
0	0	0.998878904	0.000293944	0.000827152
0	0	0.541199027	0.00371466	0.455086313
0	0	0.953161276	0.011595118	0.035243606
0	0	0.972217525	0.002864746	0.024917729
0	0	0.831737836	0.011501958	0.156760206
0	0	0.963192543	0.001905136	0.034902321
0	0	0.996667915	0.000161495	0.00317059
0	0	0.998208459	0.000345163	0.001446377
0	0	0.999004044	5.48891E-05	0.000941067
0	0	0.992818587	0.000117156	0.007064258
0	0	0.990852484	0.000253616	0.0088939
0	0	0.84942467	0.06329202	0.08728331
0	0	0.98995302	0.000350553	0.009696427
0	0	0.983550336	0.000656632	0.015793032
0	2	0.354956011	0.271888993	0.373154995
0	0	0.9970347	0.000352074	0.002613226
0	2	0.007589909	0.282229242	0.710180849
0	1	0.460001964	0.486302452	0.053695584
0	0	0.990788247	0.000151465	0.009060287
0	0	0.999331584	0.000137957	0.000530459
0	0	0.998566392	0.000229402	0.001204206
0	0	0.977998079	0.000410248	0.021591672
0	0	0.997869219	0.000130631	0.00200015
0	1	5.19091E-05	0.999682703	0.000265388
0	0	0.951012367	0.005095853	0.04389178
0	0	0.832065848	0.001813959	0.166120193
0	0	0.998187343	0.000406668	0.001405989
0	0	0.908715025	0.002959237	0.088325737
0	0	0.967349654	0.002813024	0.029837322
0	0	0.882296606	0.005329878	0.112373516
0	0	0.984843233	0.000519329	0.014637438
0	0	0.999950269	1.21443E-05	3.75871E-05
0	0	0.998635147	0.000131558	0.001233295
0	0	0.920964856	0.00111988	0.077915264
0	0	0.999575041	0.00010127	0.00032369
0	0	0.905297271	0.00111836	0.093584369
0	0	0.958652039	0.005051212	0.036296749
0	0	0.993754813	0.004441937	0.00180325
0	0	0.97763259	0.000409358	0.021958052
0	0	0.984777269	0.000129966	0.015092765
0	0	0.55415639	0.002144372	0.443699237
0	0	0.984198819	9.07023E-05	0.015710479
0	0	0.999645739	2.00225E-05	0.000334239
0	0	0.999420007	7.29833E-05	0.00050701
0	0	0.996428816	0.000172196	0.003398988
0	0	0.994851732	0.000238662	0.004909606
0	0	0.999916139	4.4742E-06	7.93864E-05
0	0	0.973542913	0.000270642	0.026186445
0	0	0.673359008	0.002953464	0.323687528
0	0	0.92806128	0.001319823	0.070618897
0	0	0.996462189	0.003257341	0.00028047
0	0	0.998802572	8.84301E-05	0.001108998
0	0	0.93723154	0.000979151	0.061789309
0	0	0.993535675	0.001590057	0.004874268
0	2	0.302046521	0.002279557	0.695673922
0	0	0.969236574	0.000846969	0.029916457
0	0	0.999556133	5.71607E-05	0.000386707
0	0	0.507728787	0.052151212	0.440120001
0	0	0.99231866	0.002568043	0.005113296
0	0	0.985420648	0.000396004	0.014183348
0	0	0.95017649	0.00099337	0.04883014
0	0	0.994649215	0.000437268	0.004913518
0	2	0.453331127	0.009010791	0.537658082
0	0	0.999066985	8.89947E-05	0.000844021
0	0	0.995247721	0.000184205	0.004568074
0	0	0.944213929	0.00598917	0.049796901
0	0	0.909169453	0.002407603	0.088422945
0	0	0.834859556	0.003744034	0.16139641
0	0	0.93471427	0.006872589	0.058413141
0	0	0.994679161	0.000181522	0.005139317
0	0	0.999775172	0.00010195	0.000122877
0	0	0.965321475	0.00016811	0.034510416
0	0	0.990979523	0.000379688	0.008640789
0	0	0.804173304	0.005733435	0.190093261
0	2	0.465564399	0.028226195	0.506209407
0	0	0.9974738	0.001982237	0.000543963
0	2	0.072601152	0.00083701	0.926561838
0	0	0.986542774	0.000386087	0.013071139
0	0	0.997422896	0.000670974	0.00190613
0	0	0.99710406	0.000184567	0.002711373
0	0	0.997752838	0.000500326	0.001746835
0	0	0.981249933	0.003244065	0.015506002
0	0	0.983389175	0.00070787	0.015902955
0	0	0.998668819	0.000148099	0.001183082
0	0	0.897684022	0.01146522	0.090850758
0	0	0.987274349	0.000626346	0.012099304
0	0	0.990011989	0.000744544	0.009243467
0	0	0.999935646	1.26853E-05	5.16684E-05
0	0	0.99992661	1.37431E-05	5.96466E-05
0	0	0.999635407	1.49386E-05	0.000349655
0	0	0.96135797	0.001317646	0.037324384
0	0	0.999235657	3.68202E-05	0.000727523
0	0	0.97969671	0.000380923	0.019922366
0	0	0.999342267	6.52322E-05	0.000592501
0	0	0.939618049	0.00095942	0.059422531
0	0	0.83299787	0.002613868	0.164388263
0	0	0.992644558	0.000120136	0.007235306
0	0	0.740346377	0.121658526	0.137995097
0	0	0.998984603	8.78029E-05	0.000927594
0	0	0.971178645	0.00042359	0.028397765
0	0	0.987186717	0.000592241	0.012221042
0	0	0.995565769	0.00033085	0.004103381
0	0	0.767053136	0.0111513	0.221795564
0	0	0.872765875	0.017004318	0.110229806
0	0	0.977517537	0.000498434	0.021984029
0	2	0.018167438	0.048155283	0.933677279
0	0	0.929979598	0.000843802	0.0691766
0	0	0.996554039	0.000121846	0.003324115
0	0	0.990588689	0.000356472	0.00905484
0	0	0.99975107	4.61622E-05	0.000202768
0	0	0.99631112	0.000497161	0.003191719
0	0	0.999160329	0.000224948	0.000614722
0	0	0.985105707	0.000178093	0.0147162
0	0	0.999563913	2.58336E-05	0.000410253
0	0	0.997679772	5.30581E-05	0.00226717
0	0	0.984600626	0.011953643	0.003445731
0	0	0.971377651	0.022565345	0.006057004
0	2	0.426083171	0.08262684	0.49128999
0	0	0.991353879	0.000369196	0.008276925
0	0	0.984008194	0.000646123	0.015345683
0	0	0.984634546	0.00063863	0.014726823
0	0	0.998663935	5.25294E-05	0.001283535
0	0	0.990773394	0.000324518	0.008902088
0	0	0.837124573	0.001396785	0.161478643
0	0	0.876801616	0.021431906	0.101766478
0	0	0.96133702	0.001245983	0.037416996
0	0	0.999948744	1.73477E-05	3.39083E-05
0	0	0.999892898	1.63889E-05	9.07133E-05
0	0	0.72073213	0.003056185	0.276211684
0	0	0.999190351	0.000241604	0.000568045
0	0	0.977062815	0.009658622	0.013278563
0	0	0.996676576	0.000160723	0.003162701
0	0	0.997706964	0.000363731	0.001929305
0	0	0.999680945	4.10911E-05	0.000277964
0	0	0.996292969	0.001144126	0.002562905
0	0	0.98013538	0.000516588	0.019348032
0	0	0.997820386	7.5545E-05	0.002104069
0	0	0.983621695	0.000391857	0.015986448
0	0	0.91182674	0.001247885	0.086925375
0	0	0.980686178	0.000676754	0.018637068
0	0	0.908549134	0.001023317	0.090427549
0	0	0.854988169	0.006481731	0.1385301
0	0	0.997750852	0.002064739	0.00018441
0	0	0.972395223	0.00046332	0.027141457
0	2	0.06275756	0.06795047	0.86929197
0	0	0.986330455	0.000156014	0.013513531
0	0	0.996813022	7.71629E-05	0.003109815
0	0	0.972941599	0.001295795	0.025762606
0	0	0.999356771	6.40758E-05	0.000579153
0	0	0.994827333	0.000306196	0.004866472
0	0	0.999340337	0.000232677	0.000426986
0	0	0.990296175	0.000224586	0.009479239
0	0	0.997790911	0.000138892	0.002070197
0	0	0.998871405	0.000103253	0.001025342
0	0	0.999540559	3.31801E-05	0.000426261
0	0	0.543959018	0.001688219	0.454352764
0	0	0.899529696	0.001157743	0.099312562
0	0	0.980929175	0.002255339	0.016815486
0	0	0.998019644	0.000266968	0.001713388
0	0	0.998580822	0.000628974	0.000790203
0	0	0.998765971	0.000465809	0.00076822
0	0	0.994504274	0.00041759	0.005078137
0	0	0.985905283	0.000370523	0.013724194
0	0	0.991514659	0.000272214	0.008213127
0	0	0.911953269	0.011829409	0.076217321
0	0	0.876980534	0.066798779	0.056220688
0	0	0.985846555	0.001875548	0.012277898
0	0	0.994497758	0.000753699	0.004748543
0	0	0.906206851	0.010633055	0.083160094
0	0	0.973953705	0.000295544	0.02575075
0	0	0.611599762	0.014952494	0.373447744
0	1	0.002508005	0.995144174	0.002347821
0	0	0.970290458	0.000467851	0.029241691
0	0	0.996793307	0.001122371	0.002084322
0	0	0.998226852	0.000313229	0.001459918
0	0	0.971110021	0.008933782	0.019956198
0	0	0.962996795	0.000984078	0.036019126
0	0	0.96086751	0.000563965	0.038568525
0	0	0.998393169	0.000110753	0.001496078
0	0	0.583806886	0.009373347	0.406819767
0	0	0.99942228	8.10959E-05	0.000496624
0	0	0.901844815	0.000363216	0.097791969
0	2	0.476035281	0.00122066	0.522744058
0	0	0.985316546	9.89009E-05	0.014584553
0	0	0.993468883	0.000581644	0.005949474
0	0	0.772943222	0.001807972	0.225248806
0	0	0.847042113	0.089931693	0.063026194
0	0	0.728097964	0.001087124	0.270814912
0	0	0.998765735	1.92936E-05	0.001214971
0	0	0.998658435	0.000158613	0.001182952
0	0	0.969373515	0.002374887	0.028251597
0	0	0.999762053	4.22487E-05	0.000195698
0	0	0.954626378	0.002540142	0.04283348
0	1	0.006607591	0.98350147	0.009890939
0	2	0.003606299	0.000259495	0.996134206
0	0	0.937573975	0.000155035	0.06227099
0	0	0.962839243	0.000625181	0.036535576
0	0	0.997888943	9.25822E-05	0.002018474
0	0	0.951454386	0.000179872	0.048365742
0	0	0.90405798	0.002513795	0.093428225
0	0	0.968822917	0.000574579	0.030602504
0	0	0.994076517	0.000261274	0.005662209
0	0	0.985373952	9.59643E-05	0.014530083
0	0	0.944915763	0.00229033	0.052793907
0	0	0.545562688	0.001199156	0.453238156
0	0	0.464505725	0.072935383	0.462558892
0	0	0.98321385	7.91688E-05	0.016706981
0	0	0.998842961	8.87082E-05	0.001068331
0	0	0.999141244	0.000104183	0.000754573
0	0	0.997536149	0.000346452	0.002117399
0	2	0.239595467	0.000986839	0.759417694
0	0	0.593166788	0.012389826	0.394443386
0	0	0.975542827	0.001975643	0.02248153
0	2	0.246996052	0.036149834	0.716854114
0	0	0.861701739	0.020401516	0.117896745
0	0	0.999882917	2.86454E-05	8.84373E-05
0	0	0.995020697	0.000990212	0.003989092
0	0	0.746993905	0.196420354	0.056585741
0	0	0.999170009	0.000304686	0.000525306
0	0	0.987047328	0.000842837	0.012109836
0	0	0.999431128	0.000235672	0.0003332
0	0	0.977202429	0.005702438	0.017095133
0	0	0.998375616	0.000140104	0.00148428
0	0	0.998443931	0.000108772	0.001447297
0	0	0.995481469	8.48667E-05	0.004433665
0	0	0.998950403	0.000278233	0.000771364
0	0	0.941312349	0.000167274	0.058520377
0	0	0.991980221	2.16858E-05	0.007998093
0	0	0.976821171	0.004166197	0.019012632
0	0	0.488542705	0.02850065	0.482956645
0	0	0.964885308	0.000536982	0.03457771
0	0	0.994631203	0.001118146	0.00425065
0	0	0.980932864	0.000251202	0.018815933
0	0	0.99110348	0.000281399	0.008615121
0	0	0.895224252	0.001482269	0.103293479
0	0	0.927662252	0.003869664	0.068468084
0	0	0.985491865	0.000279722	0.014228413
0	0	0.965679446	0.001200733	0.033119822
0	0	0.961249862	0.00332455	0.035425588
0	0	0.997886122	0.000129631	0.001984246
0	0	0.999076114	4.36536E-05	0.000880233
0	0	0.995622775	0.000135507	0.004241718
0	0	0.98411075	0.000397023	0.015492227
0	0	0.990540737	0.000345816	0.009113447
0	0	0.997158657	6.61791E-05	0.002775164
0	0	0.983572723	0.002096756	0.014330521
0	0	0.999944357	3.99505E-06	5.16482E-05
0	0	0.992300675	0.000336629	0.007362696
0	0	0.942309764	0.000611362	0.057078874
0	0	0.997069803	0.000107703	0.002822494
0	0	0.923250136	0.000539291	0.076210573
0	0	0.9992668	3.36926E-05	0.000699508
0	0	0.873381186	0.001498961	0.125119853
0	0	0.872680577	0.001585294	0.12573413
0	0	0.554782978	0.430340608	0.014876414
0	0	0.933905314	0.00082191	0.065272777
0	0	0.999788336	7.68829E-06	0.000203975
0	0	0.989274098	0.000146896	0.010579006
0	2	0.214150317	0.006251855	0.779597829
0	0	0.987180362	0.000475853	0.012343786
0	0	0.996326232	0.000185607	0.003488161
0	0	0.879905454	0.036955499	0.083139046
0	0	0.999756448	8.00592E-05	0.000163492
0	0	0.990547026	0.00447881	0.004974164
0	0	0.903211311	0.000998857	0.095789832
0	0	0.99933916	0.000268178	0.000392662
0	0	0.964401151	0.002559232	0.033039616
0	0	0.999382616	4.47232E-05	0.00057266
0	0	0.996049096	0.000165712	0.003785192
0	0	0.997536012	0.000983624	0.001480364
0	0	0.998778335	9.40182E-05	0.001127647
0	0	0.998620781	0.000466954	0.000912265
0	0	0.982815007	0.001049507	0.016135485
0	0	0.953978491	0.002124722	0.043896787
0	0	0.941731079	0.001549326	0.056719596
0	0	0.991313113	0.000246481	0.008440406
0	0	0.98467682	0.000295205	0.015027975
0	0	0.639218738	0.002167223	0.358614039
0	0	0.982561489	1.25186E-05	0.017425993
0	0	0.977241565	0.000763024	0.021995412
0	0	0.782812995	0.001787636	0.215399369
0	0	0.770068389	0.128905468	0.101026143
0	0	0.991005602	0.001585215	0.007409183
0	0	0.558490337	0.003151055	0.438358608
0	0	0.987431662	0.005315395	0.007252943
0	0	0.97077888	0.001662959	0.027558161
0	0	0.967949507	0.000764204	0.031286288
0	0	0.989063441	0.000631257	0.010305302
0	0	0.998783191	5.6092E-05	0.001160717
0	0	0.896012113	0.005793021	0.098194866
0	0	0.923305799	0.001365554	0.075328646
0	0	0.985284012	0.001521094	0.013194894
0	0	0.98496663	0.001017255	0.014016115
0	0	0.989710509	0.001199149	0.009090342
0	0	0.977595148	0.000269064	0.022135787
0	0	0.998401662	4.22799E-05	0.001556058
0	0	0.999012769	6.0723E-05	0.000926508
0	0	0.976847861	0.000957941	0.022194198
0	0	0.923692125	0.000834585	0.07547329
0	0	0.993464428	0.00092867	0.005606902
0	0	0.983493247	0.000345594	0.016161159
0	0	0.999205881	3.8062E-05	0.000756057
0	2	0.287187905	0.040692212	0.672119883
0	0	0.98892952	0.000519454	0.010551026
0	0	0.98200336	0.000812365	0.017184275
0	0	0.992485726	0.000696639	0.006817635
0	2	0.258370085	0.000561464	0.74106845
0	0	0.645797517	0.009395079	0.344807404
0	0	0.982718323	0.000187762	0.017093915
0	2	0.137725814	0.005679509	0.856594677
0	0	0.940686762	0.047942875	0.011370363
0	0	0.817832863	0.006611152	0.175555984
0	2	0.261661138	0.138386473	0.599952389
0	0	0.978313682	0.000612522	0.021073796
0	0	0.997147602	0.00018261	0.002669787
0	0	0.928290427	0.001263701	0.070445872
0	0	0.862600464	0.000458338	0.136941198
0	0	0.937301513	0.051085721	0.011612766
0	0	0.932690337	0.045054517	0.022255146
0	0	0.978734511	0.000425777	0.020839713
0	0	0.967449552	0.000871154	0.031679294
0	0	0.998141688	0.000104319	0.001753994
0	0	0.966414194	0.008377022	0.025208784
0	0	0.996622168	7.17241E-05	0.003306108
0	0	0.998696449	5.64134E-05	0.001247137
0	0	0.930145464	0.000242256	0.06961228
0	2	0.488014681	0.000895427	0.511089892
0	0	0.998769215	0.000102133	0.001128652
0	0	0.996854778	0.000488999	0.002656223
0	0	0.73020845	0.002689701	0.267101849
0	0	0.676529739	0.002202023	0.321268238
0	0	0.934794853	0.007696973	0.057508174
0	0	0.996924444	0.00011619	0.002959366
0	0	0.988638015	0.009471888	0.001890097
0	0	0.99796859	0.000262927	0.001768482
0	0	0.997016847	0.000230494	0.00275266
0	0	0.993617329	0.000516207	0.005866464
0	0	0.99871699	0.000260897	0.001022112
0	0	0.990152575	0.000473246	0.009374179
0	0	0.992400881	0.000188403	0.007410717
0	2	0.431933914	0.000945135	0.567120951
0	0	0.966353361	0.000757925	0.032888714
0	0	0.952812193	0.00064289	0.046544918
0	0	0.950424469	0.000747298	0.048828233
0	2	0.454224223	0.003057174	0.542718603
0	0	0.866032637	0.000851141	0.133116222
0	0	0.99779925	0.000170717	0.002030033
0	0	0.967868117	0.001326304	0.03080558
0	0	0.8272793	0.001895234	0.170825465
0	0	0.999402102	4.14842E-05	0.000556414
0	0	0.988332537	0.000338991	0.011328472
0	0	0.974401131	0.000562662	0.025036207
0	0	0.988533059	0.000180274	0.011286667
0	0	0.751046278	0.004122943	0.244830779
0	0	0.639238063	0.039364994	0.321396943
0	0	0.932104545	0.00017116	0.067724295
0	0	0.997132504	6.67557E-05	0.00280074
0	0	0.955912288	0.002886562	0.04120115
0	2	0.240126198	0.015856264	0.744017539
0	0	0.996022384	0.000682406	0.003295209
0	2	0.029596674	0.000339379	0.970063947
0	0	0.988843145	0.00065832	0.010498535
0	0	0.838927626	0.004028622	0.157043752
0	0	0.991612468	0.000243932	0.0081436
0	0	0.997010409	0.00018527	0.00280432
0	2	0.451113651	0.000588146	0.548298203
0	0	0.986235491	0.000625374	0.013139135
0	0	0.99087057	0.00011899	0.00901044
0	0	0.82710698	0.001281375	0.171611645
0	0	0.975409469	0.000487024	0.024103507
0	0	0.995038206	0.000455473	0.004506321
0	0	0.99141434	0.000508562	0.008077097
0	0	0.99805307	0.000462091	0.001484839
0	0	0.983108223	0.00047803	0.016413747
0	0	0.743143082	0.003983611	0.252873307
0	0	0.781634283	0.000432872	0.217932845
0	0	0.994393921	0.000195623	0.005410456
0	0	0.98969748	3.9991E-05	0.010262529
0	0	0.940139939	0.001160706	0.058699355
0	0	0.731627646	0.00227248	0.266099874
0	0	0.998655573	0.000110119	0.001234307
0	0	0.981860834	0.000465962	0.017673204
0	0	0.993086107	0.000141751	0.006772142
0	0	0.837699971	0.00041927	0.161880759
0	0	0.981371928	0.001097409	0.017530663
0	0	0.999281718	5.46742E-05	0.000663608
0	0	0.627741683	0.00258165	0.369676667
0	0	0.984481812	0.000672412	0.014845777
0	0	0.99415217	0.000803876	0.005043954
0	0	0.988197086	0.00043287	0.011370044
0	0	0.973268768	0.000601854	0.026129378
0	0	0.989736855	0.000137826	0.010125319
0	0	0.986819285	0.000204904	0.012975811
0	0	0.990611544	0.000336123	0.009052333
0	0	0.951908069	0.000299443	0.047792488
0	0	0.960726219	0.001895513	0.037378268
0	0	0.999337502	0.000146167	0.000516331
0	0	0.868071079	0.007258503	0.124670418
0	0	0.994392897	0.000274537	0.005332565
0	2	0.014218424	0.007459874	0.978321702
0	0	0.918258796	0.002999001	0.078742203
0	0	0.851298744	0.000367756	0.1483335
0	2	0.001845192	0.000324647	0.997830161
0	0	0.997736722	0.000426727	0.001836551
0	2	0.113926173	0.009386295	0.876687532
0	0	0.884867659	5.1126E-05	0.115081215
0	0	0.996767177	0.000118483	0.00311434
0	0	0.947002133	0.006122077	0.04687579
0	0	0.975261442	0.005030934	0.019707624
0	0	0.991785164	0.000541077	0.007673758
0	0	0.997493143	9.99431E-05	0.002406914
0	2	0.053188783	0.000144085	0.946667132
0	0	0.985757525	0.000476356	0.013766119
0	0	0.942509896	0.000387688	0.057102416
0	0	0.998863935	8.29862E-05	0.001053079
0	0	0.94326899	0.002015267	0.054715744
0	0	0.97788503	0.001422039	0.02069293
0	0	0.993890898	0.000335319	0.005773783
0	2	0.286833888	0.003990447	0.709175665
0	2	0.477930936	0.003607324	0.51846174
0	0	0.974838024	7.4435E-05	0.02508754
0	0	0.982001355	0.0014783	0.016520346
0	0	0.965006286	0.002357106	0.032636608
0	0	0.998178855	0.000311715	0.001509431
0	0	0.990256645	0.000558425	0.00918493
0	0	0.912858283	0.00337124	0.083770477
0	0	0.969589254	3.75515E-06	0.030406991
0	0	0.998840509	0.000326311	0.000833181
0	2	0.298066762	0.004492537	0.697440702
0	0	0.950602993	0.001248193	0.048148814
0	0	0.976966603	0.001002355	0.022031042
0	0	0.991024075	0.000269696	0.00870623
0	0	0.935464687	0.00102239	0.063512923
0	0	0.996962423	0.00011106	0.002926517
0	0	0.998606487	0.000114791	0.001278722
0	0	0.97268034	0.006318965	0.021000694
0	0	0.999851386	9.29579E-06	0.000139318
0	0	0.997310358	0.000164337	0.002525305
0	0	0.978888028	0.000651041	0.020460931
0	0	0.993957447	0.000625812	0.005416741
0	0	0.605127017	0.000523163	0.394349819
0	0	0.851214371	0.001486708	0.147298921
0	0	0.952149448	0.00067282	0.047177732
0	0	0.938458545	0.000762799	0.060778657
0	0	0.994993977	0.000121182	0.004884841
0	0	0.986251251	6.63382E-05	0.013682411
0	0	0.815763432	0.00036741	0.183869157
0	0	0.992720331	0.000220347	0.007059322
0	0	0.991904541	0.00023357	0.007861889
0	0	0.997860262	7.76622E-05	0.002062076
0	0	0.99823868	9.73729E-05	0.001663947
0	2	0.344948459	0.00898984	0.646061701
0	0	0.993608089	0.000879275	0.005512636
0	0	0.92059714	0.00658782	0.07281504
0	0	0.98869253	0.000330676	0.010976794
0	0	0.978059522	5.61556E-05	0.021884323
0	0	0.911245262	0.000563106	0.088191632
0	0	0.997906452	0.000652372	0.001441176
0	0	0.981202826	0.000404008	0.018393166
0	0	0.986913713	0.001226154	0.011860133
0	0	0.978864168	0.002342674	0.018793158
0	0	0.943135865	0.003223315	0.05364082
0	0	0.953110387	0.003746158	0.043143455
0	0	0.997975242	0.000143335	0.001881423
0	0	0.990944991	0.000793072	0.008261937
0	0	0.994870682	0.000498133	0.004631185
0	0	0.998440328	4.18231E-05	0.001517849
0	0	0.914488303	0.004849932	0.080661765
0	0	0.939132504	0.003964012	0.056903485
0	0	0.500012251	0.03975488	0.460232869
0	0	0.998140418	0.000200949	0.001658633
0	0	0.996412353	0.000137692	0.003449955
0	0	0.986292925	0.000542186	0.013164889
0	0	0.971995301	0.002349379	0.02565532
0	0	0.554309603	0.046984764	0.398705633
0	0	0.996755664	0.000203886	0.00304045
0	0	0.999183757	0.000112302	0.000703941
0	0	0.987356569	0.001364559	0.011278872
0	0	0.994397397	0.000580559	0.005022044
0	0	0.949110137	0.000934751	0.049955112
0	0	0.993141467	0.000794512	0.006064021
0	0	0.900540788	0.005054078	0.094405134
0	0	0.999303054	5.30011E-05	0.000643945
0	0	0.904794444	0.001063226	0.09414233
0	0	0.875186037	0.001228061	0.123585902
0	0	0.999534712	1.15842E-05	0.000453704
0	0	0.998396523	6.291E-05	0.001540567
0	0	0.979028056	0.000279671	0.020692272
0	2	0.007809062	0.000328107	0.991862831
0	0	0.998788829	5.58907E-05	0.001155281
0	0	0.97526858	0.000491208	0.024240212
0	0	0.989613203	0.001779468	0.00860733
0	2	0.405357873	0.00449592	0.590146207
0	0	0.775723274	0.002494519	0.221782207
0	0	0.771210612	5.49881E-05	0.2287344
0	0	0.985811233	0.000340434	0.013848333
0	0	0.988561018	0.000110157	0.011328825
0	0	0.729303393	0.190354824	0.080341783
0	0	0.999129864	0.000220157	0.000649979
0	0	0.967406415	0.000880838	0.031712746
0	0	0.998780027	0.000101869	0.001118104
0	0	0.988624144	0.000398724	0.010977132
0	0	0.999514194	2.1137E-05	0.000464669
0	0	0.978919381	0.000822628	0.02025799
0	0	0.849947017	0.03833541	0.111717573
0	0	0.998329729	0.000129962	0.00154031
0	0	0.989930004	0.000409603	0.009660392
0	0	0.978100887	0.002422531	0.019476582
0	0	0.895362183	0.001781986	0.102855831
0	0	0.558026868	0.043194238	0.398778894
0	0	0.999335045	0.000137352	0.000527604
0	0	0.991815116	0.000309541	0.007875343
0	0	0.973883689	0.000580243	0.025536068
0	0	0.991273393	0.000320232	0.008406375
0	0	0.849161459	0.055955087	0.094883454
0	0	0.988923856	0.000200592	0.010875552
0	0	0.99009812	0.000350324	0.009551556
0	0	0.995091654	0.000146979	0.004761367
0	0	0.983434944	0.001013644	0.015551413
0	0	0.945471121	0.006481703	0.048047175
0	0	0.998428787	6.18578E-05	0.001509356
0	0	0.949720628	0.000774659	0.049504712
0	0	0.998765432	7.79272E-05	0.001156641
0	0	0.998821465	5.92657E-05	0.001119269
0	0	0.999101475	0.000103867	0.000794658
0	0	0.810350511	0.001776361	0.187873128
0	0	0.762473917	0.001941903	0.23558418
0	0	0.997544214	0.000179155	0.00227663
0	0	0.999144695	6.45768E-05	0.000790729
0	0	0.997052083	0.000186337	0.00276158
0	0	0.992170279	0.000273322	0.007556399
0	0	0.527303033	0.007446733	0.465250234
0	0	0.965846529	0.002010141	0.03214333
0	0	0.988729884	0.000367299	0.010902817
0	0	0.988792883	0.000360157	0.01084696
0	0	0.99712202	0.000490894	0.002387085
0	0	0.995722804	0.000742352	0.003534843
0	2	0.261298764	0.001128698	0.737572539
0	0	0.992079019	0.000255688	0.007665293
0	2	0.102143147	0.00066006	0.897196793
0	0	0.915184849	0.001024112	0.083791039
0	0	0.988085742	0.000393281	0.011520977
0	0	0.995776955	0.000160851	0.004062194
0	0	0.647377851	0.000270341	0.352351807
0	0	0.997676526	0.0003297	0.001993774
0	0	0.982929144	0.000187353	0.016883504
0	0	0.910731971	0.003816557	0.085451472
0	0	0.999643576	0.000248702	0.000107722
0	0	0.992106974	0.000193715	0.007699312
0	0	0.993241911	0.00108023	0.005677859
0	0	0.811165637	0.004127089	0.184707274
0	0	0.998046911	7.11546E-05	0.001881935
0	0	0.947922729	0.001939583	0.050137688
0	0	0.993083978	0.000468376	0.006447647
0	0	0.987673881	0.000654589	0.01167153
0	0	0.940128582	0.001907735	0.057963683
0	0	0.958050915	0.002350201	0.039598884
0	0	0.696540375	0.002665591	0.300794034
0	0	0.997217581	0.000149564	0.002632855
0	0	0.87184682	0.002363193	0.125789987
0	0	0.994641106	0.000268872	0.005090021
0	0	0.999236526	3.67503E-05	0.000726724
0	0	0.988860502	0.000135559	0.011003939
0	0	0.94942257	0.003303736	0.047273694
0	0	0.522093318	0.009120698	0.468785984
0	0	0.997071063	0.000234411	0.002694525
0	2	0.436275983	0.000106968	0.563617049
0	0	0.990850111	0.003263379	0.00588651
0	0	0.999618069	7.37683E-05	0.000308163
0	0	0.999174987	6.19164E-05	0.000763097
0	0	0.81466021	0.005391217	0.179948573
0	0	0.995475566	0.000634778	0.003889655
0	0	0.995795169	0.002441082	0.001763749
0	2	0.496428254	9.42729E-05	0.503477473
0	0	0.952861973	0.001072262	0.046065765
0	0	0.889184301	0.002624012	0.108191686
0	2	7.4719E-05	0.000700668	0.999224612
1	1	4.99081E-06	0.999888066	0.000106943
1	1	1.48558E-06	0.999991859	6.65523E-06
1	1	1.04714E-05	0.999334391	0.000655137
1	1	6.8887E-06	0.999372266	0.000620846
1	1	4.18693E-05	0.995152941	0.004805189
1	1	4.45345E-07	0.999983726	1.58282E-05
1	1	3.85122E-07	0.999994694	4.92048E-06
1	1	3.27548E-07	0.999968088	3.15849E-05
1	1	0.001038164	0.997501665	0.001460171
1	1	0.000215048	0.999448903	0.00033605
1	1	0.000814236	0.998740241	0.000445524
1	1	2.09978E-05	0.998507533	0.00147147
1	1	0.000164877	0.989346983	0.01048814
1	1	1.86782E-05	0.996353248	0.003628074
1	1	0.000631985	0.998656734	0.00071128
1	1	7.14845E-06	0.999885544	0.000107307
1	1	6.86072E-06	0.999902289	9.08503E-05
1	1	2.06333E-06	0.999912368	8.5569E-05
1	1	0.000404854	0.992644237	0.006950908
1	1	0.00020123	0.998736306	0.001062464
1	1	0.000774605	0.878309094	0.120916301
1	1	2.73294E-05	0.997157259	0.002815412
1	1	1.76612E-05	0.999160725	0.000821614
1	1	2.81092E-05	0.999285329	0.000686561
1	1	1.62886E-05	0.999154426	0.000829286
1	1	5.48949E-05	0.998012699	0.001932406
1	1	4.07448E-05	0.999417113	0.000542142
1	1	4.94237E-05	0.999620068	0.000330508
1	1	7.18931E-06	0.999784466	0.000208345
1	1	4.8358E-05	0.999620207	0.000331435
1	1	4.18042E-06	0.999200606	0.000795214
1	1	1.045E-05	0.999890245	9.93055E-05
1	1	6.36281E-05	0.998944539	0.000991833
1	1	0.00060418	0.896695398	0.102700422
1	1	9.99774E-06	0.999748142	0.00024186
1	1	2.39985E-05	0.99877982	0.001196181
1	1	5.78719E-06	0.999935735	5.84777E-05
1	1	1.45817E-05	0.999655031	0.000330387
1	1	1.05491E-05	0.999634583	0.000354868
1	1	0.000211042	0.997252663	0.002536295
1	1	0.000148664	0.998181484	0.001669852
1	1	2.10156E-05	0.999856612	0.000122372
1	1	3.62913E-05	0.999767304	0.000196405
1	1	1.44026E-06	0.999914391	8.41689E-05
1	1	0.015650917	0.931251602	0.053097481
1	1	9.47285E-05	0.998805546	0.001099725
1	1	2.22401E-05	0.999186998	0.000790762
1	1	4.60827E-05	0.999226837	0.00072708
1	1	7.00664E-06	0.999547154	0.000445839
1	1	5.43657E-05	0.998523615	0.001422019
1	1	3.99186E-05	0.998432499	0.001527583
1	1	5.65231E-05	0.998740505	0.001202972
1	1	6.45777E-06	0.999073533	0.000920009
1	1	1.57926E-05	0.998628826	0.001355382
1	1	2.82899E-05	0.999794009	0.000177701
1	1	5.20151E-07	0.999954159	4.53207E-05
1	1	0.456697862	0.498608908	0.04469323
1	1	1.26166E-05	0.999599653	0.00038773
1	1	2.33587E-05	0.999856896	0.000119745
1	1	4.30928E-06	0.999961104	3.45868E-05
1	1	1.7918E-05	0.999095649	0.000886433
1	1	5.15081E-06	0.999844109	0.00015074
1	1	0.000125942	0.998714812	0.001159245
1	1	0.002612091	0.997099896	0.000288013
1	1	0.000132198	0.952835158	0.047032644
1	1	0.000115974	0.998658692	0.001225334
1	1	3.35861E-05	0.938569654	0.06139676
1	1	1.16658E-05	0.999452319	0.000536015
1	1	2.26489E-05	0.999798615	0.000178736
1	1	0.000199395	0.99947769	0.000322915
1	1	1.14917E-06	0.999932062	6.67893E-05
1	1	1.7474E-06	0.999816957	0.000181295
1	1	0.000106205	0.998462161	0.001431634
1	1	2.09668E-05	0.998929984	0.00104905
1	1	8.01288E-07	0.999954824	4.43745E-05
1	1	1.46081E-05	0.999168441	0.000816951
1	1	2.86806E-05	0.996714781	0.003256538
1	1	3.54662E-05	0.995978385	0.003986149
1	1	1.54434E-06	0.999585725	0.000412731
1	1	1.09557E-05	0.999847692	0.000141353
1	1	1.4351E-05	0.999312126	0.000673523
1	1	3.51024E-06	0.999575257	0.000421233
1	1	2.75671E-05	0.997018112	0.002954321
1	1	3.06348E-05	0.999225369	0.000743996
1	1	7.91022E-06	0.999844777	0.000147312
1	1	0.003029428	0.995827437	0.001143134
1	1	6.90006E-05	0.999304646	0.000626354
1	1	2.06695E-05	0.999747001	0.00023233
1	1	2.76905E-06	0.999893313	0.000103918
1	1	0.000149808	0.998846784	0.001003407
1	1	0.000296758	0.998006924	0.001696318
1	1	7.26867E-06	0.999962086	3.06451E-05
1	1	1.38095E-05	0.99964421	0.000341981
1	1	8.49222E-07	0.999954874	4.4277E-05
1	1	9.93737E-07	0.999906542	9.24638E-05
1	1	4.16321E-05	0.99926089	0.000697478
1	1	0.00061775	0.864739112	0.134643138
1	1	2.2774E-05	0.992935413	0.007041813
1	1	2.65122E-05	0.999293276	0.000680211
1	1	9.33846E-07	0.999946047	5.30193E-05
1	1	7.17461E-08	0.99996767	3.22584E-05
1	1	3.04673E-07	0.999973245	2.64507E-05
1	1	1.33381E-05	0.998813775	0.001172887
1	1	6.50936E-07	0.999945291	5.40579E-05
1	1	9.8054E-07	0.999937235	6.17842E-05
1	1	0.001652558	0.887603064	0.110744378
1	1	9.75436E-07	0.999918398	8.06266E-05
1	1	5.99994E-07	0.999953002	4.63983E-05
1	1	3.6458E-08	0.999994772	5.19193E-06
1	1	4.56521E-09	0.99999828	1.71551E-06
1	1	3.65018E-05	0.998551359	0.001412139
1	1	6.47348E-06	0.616869801	0.383123726
1	1	4.39368E-06	0.997958335	0.002037272
1	1	0.00116707	0.866529711	0.132303218
1	1	1.70996E-06	0.999957352	4.09384E-05
1	1	0.000400443	0.965952856	0.033646702
1	1	9.0921E-06	0.998995348	0.00099556
1	1	0.000866052	0.893181555	0.105952393
1	1	3.61657E-05	0.997702049	0.002261786
1	1	3.82982E-05	0.991529577	0.008432125
1	2	0.000625099	0.131059909	0.868314992
1	1	0.117772176	0.564450135	0.317777689
1	1	2.6865E-06	0.999928676	6.86375E-05
1	1	2.00441E-05	0.999625056	0.0003549
1	1	4.32995E-07	0.999960757	3.88097E-05
1	1	1.69646E-05	0.999719621	0.000263415
1	1	6.93537E-07	0.999938673	6.06336E-05
1	1	2.74704E-05	0.99929989	0.00067264
1	2	0.164114418	0.225577517	0.610308065
1	1	0.00042088	0.941894354	0.057684766
1	1	5.46784E-05	0.99417451	0.005770812
1	1	2.53761E-05	0.999397298	0.000577326
1	1	2.96568E-05	0.99958017	0.000390173
1	1	4.91079E-06	0.99992475	7.03396E-05
1	1	1.93863E-05	0.999554262	0.000426352
1	1	2.0017E-05	0.998969605	0.001010378
1	1	1.12433E-05	0.999564442	0.000424314
1	1	3.1786E-07	0.999943872	5.58101E-05
1	1	7.18272E-06	0.999167822	0.000824996
1	1	5.30237E-07	0.999958363	4.11066E-05
1	1	0.00031928	0.524587201	0.47509352
1	1	0.009830074	0.768043558	0.222126368
1	1	1.93254E-06	0.999923781	7.42869E-05
1	1	5.89707E-07	0.999959955	3.94554E-05
1	1	2.75595E-06	0.999851251	0.000145993
1	1	2.33229E-06	0.999042628	0.00095504
1	1	1.9406E-06	0.995000035	0.004998025
1	1	2.87547E-05	0.998793093	0.001178153
1	1	1.05462E-05	0.998058504	0.00193095
1	1	3.20902E-05	0.996245788	0.003722122
1	1	7.66395E-06	0.99971732	0.000275016
1	1	2.41374E-08	0.999998186	1.79035E-06
1	1	7.91656E-08	0.999975776	2.41452E-05
1	1	2.27108E-07	0.999960298	3.94751E-05
1	1	2.71549E-07	0.99997594	2.37881E-05
1	1	1.63147E-07	0.99998633	1.35068E-05
1	1	9.94288E-08	0.999975617	2.42832E-05
1	1	2.29278E-05	0.997841586	0.002135487
1	1	1.03086E-07	0.999995966	3.93066E-06
1	1	8.09707E-07	0.99990656	9.26304E-05
1	1	9.79981E-09	0.999997624	2.36625E-06
1	1	0.025172291	0.970531454	0.004296255
1	1	7.77377E-06	0.999845326	0.000146901
1	1	1.32293E-06	0.999934846	6.38314E-05
1	1	4.25834E-06	0.999669095	0.000326647
1	1	3.48292E-08	0.999990801	9.16417E-06
1	1	2.28276E-07	0.999990029	9.74253E-06
1	1	0.000590513	0.981651483	0.017758004
1	1	2.00548E-06	0.99987173	0.000126265
1	1	5.58669E-07	0.999990793	8.64863E-06
1	2	0.322375518	0.153349107	0.524275375
1	2	0.000501281	0.38548855	0.614010169
1	1	4.39643E-06	0.999882195	0.000113408
1	1	1.34239E-05	0.999724369	0.000262207
1	2	0.002663291	0.01860002	0.978736689
1	1	2.22788E-07	0.999952583	4.71938E-05
1	1	6.00537E-07	0.999958957	4.0442E-05
1	1	1.87751E-05	0.996924101	0.003057124
1	1	3.47936E-07	0.999953114	4.65377E-05
1	1	8.92309E-09	0.99997663	2.33614E-05
1	1	3.62136E-06	0.999939242	5.71369E-05
1	1	6.541E-07	0.999995117	4.22875E-06
1	1	1.20478E-05	0.999371438	0.000616514
1	1	2.79178E-06	0.999767691	0.000229517
1	1	9.23344E-07	0.999936352	6.27242E-05
1	1	3.65963E-07	0.999965667	3.39666E-05
1	1	4.58958E-07	0.999993628	5.91271E-06
1	1	9.30326E-06	0.996261809	0.003728888
1	1	2.12608E-07	0.999983285	1.65022E-05
1	1	0.000396013	0.985444389	0.014159598
1	1	0.001786515	0.942246239	0.055967247
1	1	1.85659E-06	0.999930236	6.79071E-05
1	1	1.05263E-07	0.999995664	4.23086E-06
1	1	2.36801E-05	0.999525424	0.000450896
1	1	7.62684E-08	0.999993277	6.64659E-06
1	1	2.15825E-06	0.999985566	1.22754E-05
1	1	0.000300041	0.961950796	0.037749163
1	1	2.82271E-05	0.999271982	0.000699791
1	1	4.60746E-06	0.999966765	2.86278E-05
1	1	5.27623E-07	0.999816776	0.000182697
1	1	9.13916E-07	0.999973089	2.59971E-05
1	1	0.005805151	0.712831868	0.281362981
1	1	0.000174725	0.970449813	0.029375462
1	1	2.64673E-05	0.998601277	0.001372255
1	1	2.80961E-07	0.999950476	4.92427E-05
1	1	2.17609E-05	0.995116192	0.004862047
1	1	1.0973E-06	0.999937758	6.1145E-05
1	1	4.05903E-06	0.99973449	0.000261451
1	1	0.000324036	0.975742008	0.023933956
1	1	1.95124E-07	0.998069991	0.001929814
1	1	5.53755E-05	0.999226146	0.000718479
1	1	4.05625E-07	0.999962522	3.70724E-05
1	1	0.000348331	0.998444354	0.001207314
1	1	3.64284E-06	0.999854366	0.000141991
1	1	0.000485188	0.997727915	0.001786897
1	1	0.000139994	0.996194953	0.003665054
1	1	3.31953E-05	0.998398567	0.001568238
1	1	2.41222E-06	0.999938504	5.90833E-05
1	1	6.72823E-06	0.999600899	0.000392372
1	1	0.000221336	0.991803557	0.007975107
1	1	5.98941E-06	0.999282498	0.000711512
1	1	0.000438252	0.983520893	0.016040855
1	1	8.11363E-06	0.999534401	0.000457485
