0	0	0.999993151	1.89454E-08	6.82986E-06
0	0	0.999999698	2.63398E-07	3.86469E-08
0	0	0.999977523	1.82998E-05	4.17698E-06
0	0	0.996899427	1.86623E-05	0.003081911
0	0	1	1.57185E-10	2.97234E-10
0	2	0.223200385	0.001871743	0.774927872
0	0	0.997311048	2.53941E-05	0.002663558
0	0	0.992006516	7.1677E-06	0.007986317
0	0	0.983646916	0.002107215	0.01424587
0	2	0.022006072	0.000376521	0.977617408
0	0	0.999968222	2.54669E-05	6.3109E-06
0	0	0.999995096	3.43118E-06	1.47242E-06
0	0	0.965255735	8.05637E-05	0.034663702
0	0	0.996407507	0.000748081	0.002844412
0	0	0.996394755	3.40927E-06	0.003601835
0	0	0.998875813	8.70851E-05	0.001037102
0	0	0.999686101	0.000312623	1.27685E-06
0	0	0.999953732	4.26381E-06	4.2004E-05
0	0	0.985450386	0.00289504	0.011654575
0	0	0.686057725	1.48681E-05	0.313927407
2	0	0.823333084	5.39262E-05	0.176612989
0	0	0.827672159	0.125188066	0.047139775
0	0	0.995937516	0.001043609	0.003018876
0	0	0.999967603	3.28072E-07	3.20686E-05
0	0	0.997835165	7.66649E-05	0.00208817
0	2	0.496601903	0.000398833	0.502999263
0	0	0.979470164	0.012098867	0.00843097
0	0	0.998652064	0.001157319	0.000190616
0	0	0.999365409	6.88246E-06	0.000627708
0	0	0.999849153	7.97379E-06	0.000142874
0	0	0.999922178	5.41162E-05	2.37061E-05
0	0	0.997787533	2.80358E-06	0.002209664
0	0	0.764614136	0.232774764	0.002611099
0	0	0.979145041	0.0119458	0.008909158
0	0	0.998741384	5.74463E-05	0.00120117
0	0	0.936370326	0.011412521	0.052217153
0	0	0.997453795	3.03671E-05	0.002515838
0	0	0.979738152	0.001678139	0.018583709
2	2	1.01738E-05	0.001684484	0.998305342
0	0	0.80690852	0.028591524	0.164499956
0	0	0.998479962	2.38845E-09	0.001520036
0	0	0.99929621	3.32674E-07	0.000703457
0	0	0.862722	0.0188515	0.118426499
0	0	0.997668009	0.000713781	0.00161821
0	0	0.998724509	0.001271731	3.76043E-06
0	0	0.997803389	3.67233E-05	0.002159888
0	0	0.999890623	8.13126E-05	2.80644E-05
0	0	0.999964407	2.30502E-05	1.25432E-05
0	0	0.987120909	0.000441884	0.012437207
0	0	0.989462554	3.12843E-05	0.010506162
0	0	0.999995144	3.5779E-08	4.82015E-06
0	0	0.997548483	0.001090134	0.001361383
0	0	0.999130309	0.000811383	5.83081E-05
0	0	0.998256559	0.001277124	0.000466317
0	0	0.997926871	0.001902902	0.000170227
1	1	9.02875E-05	0.996893374	0.003016339
0	0	0.99679744	1.3113E-05	0.003189447
0	0	0.999855822	6.39669E-05	8.02115E-05
0	0	0.996337227	0.003157832	0.000504941
0	0	0.999938274	2.77948E-05	3.39317E-05
0	0	1	6.00679E-14	1.05907E-14
0	0	0.999999587	1.71215E-10	4.1243E-07
0	0	0.996749222	0.000123699	0.003127079
0	0	0.851736397	0.001257062	0.147006541
0	0	0.987893952	0.012034474	7.15739E-05
0	0	0.826124306	0.00899119	0.164884504
0	0	0.913247224	0.002273468	0.084479308
0	0	0.999949708	4.74621E-07	4.98172E-05
0	0	0.994177823	2.0099E-05	0.005802078
0	0	0.999997698	2.04768E-06	2.54541E-07
0	0	0.999953948	4.29126E-05	3.13919E-06
0	0	0.99728005	1.0538E-05	0.002709412
0	0	0.502537613	0.008311753	0.489150635
0	0	0.99934801	3.10266E-06	0.000648887
2	2	0.012951043	0.000240166	0.986808791
0	0	0.615019534	0.001014458	0.383966009
0	0	0.993927312	0.002291403	0.003781286
0	0	0.999879713	5.53065E-05	6.49807E-05
0	0	0.982189411	0.000623058	0.017187531
0	0	0.631100268	0.119398275	0.249501457
0	0	0.999914324	9.36449E-06	7.63116E-05
0	0	0.998994599	5.65197E-06	0.000999749
0	0	0.800757579	7.25165E-05	0.199169905
0	0	0.996789479	0.000124324	0.003086197
2	2	0.051052818	0.009716843	0.939230339
0	0	0.993693244	1.06673E-05	0.006296088
0	0	0.99984313	0.000156672	1.97989E-07
0	0	0.998689885	8.05908E-06	0.001302056
0	0	0.999977427	1.82995E-06	2.07426E-05
0	0	0.999998552	4.30833E-10	1.44789E-06
0	0	0.999997299	5.11252E-07	2.18936E-06
0	0	0.999996299	9.67739E-07	2.73329E-06
0	0	0.870953004	0.000526548	0.128520448
0	0	0.999995013	3.08332E-06	1.90352E-06
1	1	0.000288361	0.999701785	9.85434E-06
0	0	0.999995812	4.90216E-08	4.13922E-06
2	2	0.035460974	0.000499041	0.964039985
0	0	0.99958251	3.61108E-05	0.000381379
0	0	0.999689699	0.000306771	3.53071E-06
0	0	0.999871598	1.32233E-05	0.000115178
0	0	0.869111081	0.002332104	0.128556815
0	0	0.998728034	1.35142E-05	0.001258452
0	0	0.999994162	1.29549E-07	5.70821E-06
0	0	0.998287147	0.00167689	3.59632E-05
0	0	0.969295209	0.02126089	0.009443902
0	0	0.998147967	0.000365716	0.001486317
0	0	0.999579476	0.000413596	6.92813E-06
1	1	0.002199693	0.937501157	0.060299149
1	1	0.082452061	0.906342301	0.011205638
1	1	0.000187935	0.980182463	0.019629602
1	1	0.008258512	0.97891459	0.012826898
1	1	0.004983025	0.967521067	0.027495908
2	1	0.016792394	0.562294664	0.420912943
2	2	0.048702682	0.267450392	0.683846926
1	1	9.34748E-05	0.999881236	2.52896E-05
2	2	0.000868967	0.03130726	0.967823773
2	2	0.002636875	2.04862E-05	0.997342639
1	1	0.00021889	0.998161128	0.001619981
2	2	0.26637671	0.007941574	0.725681716
1	1	0.001101137	0.998089379	0.000809485
1	1	2.39028E-07	0.999913168	8.65934E-05
2	2	0.002841988	5.50226E-06	0.99715251
2	2	0.007459665	0.00015597	0.992384365
2	2	9.04959E-05	1.5822E-05	0.999893682
2	2	0.001852704	5.44401E-05	0.998092856
2	2	0.013973761	0.021167805	0.964858434
2	2	0.089909189	0.001949358	0.908141453
1	1	0.000130301	0.999839158	3.05404E-05
2	2	0.001352723	0.202232839	0.796414438
1	1	0.031634	0.962979842	0.005386159
2	2	0.255810042	0.179636461	0.564553497
2	2	0.032031641	0.001040212	0.966928148
1	1	0.000880475	0.99845161	0.000667915
1	1	0.000543759	0.999096168	0.000360073
2	2	0.038530622	0.04259144	0.918877938
2	2	0.000627864	5.93186E-05	0.999312818
2	2	0.00720291	0.004201683	0.988595407
1	1	1.8772E-08	0.999999978	2.80489E-09
1	1	7.31216E-05	0.999712783	0.000214096
1	1	0.018568381	0.970644419	0.0107872
1	1	2.27914E-05	0.999972524	4.68461E-06
1	1	0.000402936	0.984291415	0.015305649
1	1	0.002383016	0.997614346	2.63853E-06
1	1	0.058099159	0.926719741	0.015181099
1	1	0.004124056	0.992807909	0.003068035
1	1	0.001066091	0.9973473	0.001586609
1	1	0.001415186	0.996710842	0.001873973
1	1	0.001423792	0.998569344	6.86392E-06
1	1	0.000399551	0.999131337	0.000469112
1	1	1.27805E-05	0.999710993	0.000276227
1	1	0.033007693	0.951215505	0.015776802
2	2	0.041827661	0.000737313	0.957435026
1	1	0.042681953	0.906305267	0.05101278
2	2	1.86656E-06	1.28571E-05	0.999985276
2	2	1.61851E-06	2.85841E-09	0.999998379
2	2	0.000555881	4.95868E-07	0.999443623
1	1	3.33006E-05	0.999666101	0.000300599
2	2	0.257147158	3.67304E-05	0.742816112
2	2	0.02353168	0.005156446	0.971311874
2	2	2.09732E-16	1.40088E-20	1
1	1	9.89763E-06	0.99898515	0.001004952
2	2	3.2753E-05	0.000284432	0.999682815
1	1	6.44831E-05	0.999193254	0.000742263
1	1	0.006164136	0.935281944	0.058553919
1	1	0.012911921	0.960593211	0.026494867
1	1	0.00621878	0.992248608	0.001532612
1	1	0.000629973	0.999167195	0.000202832
2	2	0.017105453	0.024080377	0.95881417
1	1	0.003811522	0.996180705	7.77244E-06
2	2	0.000265035	0.005268294	0.994466671
1	1	5.55425E-06	0.999753478	0.000240968
1	1	0.023861952	0.901973576	0.074164472
2	2	0.007247297	5.25825E-05	0.99270012
2	2	3.63385E-07	1.58536E-06	0.999998051
2	2	0.002535731	3.44682E-05	0.997429801
2	2	0.000690075	0.019807191	0.979502734
1	1	0.000309689	0.992287845	0.007402466
1	1	0.039899195	0.807510568	0.152590237
2	2	2.75327E-05	0.000108687	0.99986378
2	2	0.044298242	8.5479E-07	0.955700903
1	1	1.17527E-07	0.999999871	1.11447E-08
2	2	8.79987E-05	4.0666E-07	0.999911595
1	1	0.000179238	0.997905492	0.00191527
2	2	0.007390807	3.82119E-08	0.992609154
2	2	0.003785666	0.000140131	0.996074203
2	2	0.27876371	0.000794585	0.720441706
2	2	0.013122704	0.024656581	0.962220715
2	2	0.021694756	5.00602E-05	0.978255184
1	1	0.038844346	0.941771372	0.019384282
1	1	1.50741E-07	0.999996587	3.26254E-06
2	2	0.011234925	0.006533398	0.982231677
1	1	0.00531071	0.993491444	0.001197847
1	1	3.08432E-05	0.999806861	0.000162295
1	1	0.000353878	0.998641917	0.001004205
2	2	0.173886726	0.208659573	0.617453701
1	1	0.036655674	0.954481477	0.008862849
2	0	0.637617338	0.003161474	0.359221188
1	1	0.000179328	0.999708277	0.000112395
2	2	0.000829962	3.02395E-07	0.999169736
1	1	0.008809974	0.985633436	0.005556589
1	1	0.025225213	0.933222854	0.041551932
1	1	2.75659E-05	0.999967236	5.19854E-06
1	1	0.145134329	0.832688582	0.022177089
2	2	0.191120173	0.000362258	0.808517569
2	2	0.083889229	0.18978602	0.72632475
1	1	0.012620533	0.985082189	0.002297278
2	2	0.005732156	1.48894E-05	0.994252955
1	1	0.012985937	0.98620771	0.000806354
1	1	2.80501E-06	0.999997109	8.58381E-08
1	1	0.001134653	0.97138896	0.027476387
2	2	0.080014579	0.030886181	0.88909924
2	2	0.002690258	0.011328675	0.985981067
1	1	0.025998338	0.935174012	0.03882765
2	2	0.011746091	0.003668638	0.984585271
1	1	9.19621E-07	0.999995859	3.22105E-06
1	1	0.003860354	0.995414252	0.000725393
1	1	0.018626782	0.980046908	0.00132631
1	1	0.001166217	0.997413628	0.001420154
1	1	0.000170814	0.99597092	0.003858267
1	1	0.000802243	0.998801243	0.000396514
2	2	0.021911525	0.000867546	0.977220929
1	1	0.000287241	0.999710254	2.50533E-06
1	1	0.001302987	0.997008313	0.0016887
1	1	0.002031327	0.997836574	0.000132098
1	1	0.000245423	0.999473231	0.000281346
2	2	0.000913958	0.004696554	0.994389489
1	1	0.091495452	0.90577349	0.002731059
2	2	0.028059855	0.00024715	0.971692995
2	2	0.01244674	0.001156454	0.986396806
2	2	0.003025836	0.003719121	0.993255042
1	1	0.018979269	0.897261427	0.083759305
1	1	0.000657571	0.999342253	1.76251E-07
1	1	0.031687024	0.906605366	0.06170761
2	2	0.000165853	0.000443679	0.999390468
2	2	0.018545371	0.048906986	0.932547643
1	1	0.003015704	0.993896883	0.003087413
1	1	0.000128854	0.999171914	0.000699232
1	1	0.012812738	0.826615675	0.160571587
1	1	5.50947E-07	0.985085037	0.014914412
2	2	8.31821E-07	4.78448E-05	0.999951323
1	1	1.50082E-05	0.999983005	1.98694E-06
2	2	0.046513159	0.003607212	0.949879628
2	2	0.028938667	0.108351291	0.862710042
2	2	0.023873165	0.006457583	0.969669252
2	2	0.062738639	0.207821078	0.729440284
1	1	0.051761492	0.838275229	0.109963279
1	1	5.66214E-06	0.999991408	2.93029E-06
1	1	2.23134E-05	0.99997485	2.83654E-06
1	1	0.001097182	0.998890089	1.27292E-05
1	1	0.00073764	0.997249611	0.002012748
1	1	0.002665285	0.992682651	0.004652064
1	1	3.57117E-05	0.992397838	0.007566451
1	1	0.000701069	0.999296432	2.49904E-06
2	2	0.012028568	0.003520083	0.984451349
1	1	0.001935844	0.965690551	0.032373605
2	2	0.024889808	0.000284751	0.974825441
1	1	9.3792E-05	0.996376113	0.003530095
1	1	0.000736013	0.998238577	0.00102541
1	1	0.000519702	0.997647214	0.001833084
1	1	0.006266585	0.971782002	0.021951413
1	1	0.001992219	0.997696466	0.000311315
1	1	0.001888794	0.997586261	0.000524945
1	1	3.47678E-06	0.999995318	1.20479E-06
1	1	0.044465326	0.901094102	0.054440572
2	2	0.000262465	0.196087958	0.803649577
2	2	0.010276287	0.01267256	0.977051153
2	2	0.040674552	0.134062033	0.825263415
1	1	1.94012E-05	0.999925229	5.53699E-05
1	1	0.002172288	0.890854246	0.106973467
1	1	1.06037E-05	0.99989578	9.36165E-05
2	0	0.7971911	0.011785788	0.191023112
1	1	0.005226049	0.968894337	0.025879614
2	2	0.050785959	0.139549576	0.809664465
2	2	0.033893061	0.126939463	0.839167476
2	2	8.18169E-06	3.78785E-06	0.99998803
2	0	0.650334841	0.001774799	0.347890359
2	2	0.000219635	0.000324721	0.999455644
2	2	5.30989E-05	5.57751E-07	0.999946343
2	2	0.000114952	0.000876484	0.999008563
2	2	0.000537727	2.08687E-05	0.999441404
2	2	1.80688E-06	9.54292E-06	0.99998865
2	2	0.002414913	7.38192E-05	0.997511267
2	2	0.149235646	0.00973499	0.841029364
2	2	0.001394278	0.002177717	0.996428005
2	2	0.007796844	0.000306395	0.991896761
2	2	0.016950963	0.020654324	0.962394713
2	2	0.026238054	0.012919151	0.960842794
2	2	0.000964217	0.003121337	0.995914446
2	2	7.167E-07	7.62477E-06	0.999991659
2	2	0.079355513	0.000125235	0.920519252
2	2	0.007079614	3.09315E-05	0.992889455
2	2	1.22008E-05	3.71194E-09	0.999987796
2	2	0.003580724	3.23335E-06	0.996416043
2	2	0.012200354	0.011016179	0.976783467
2	2	6.56426E-06	0.005349935	0.994643501
2	2	3.45853E-10	6.54895E-06	0.999993451
2	2	1.51347E-06	2.96538E-06	0.999995521
2	2	1.70099E-06	3.94185E-10	0.999998299
2	2	0.004401076	0.006940328	0.988658596
2	2	0.193237075	0.021029323	0.785733601