0	0	0.969796536	0.018785519	0.011417946
0	0	0.999581015	1.56003E-05	0.000403385
0	0	0.994873453	0.00037716	0.004749387
0	0	0.999528248	1.27577E-05	0.000458995
0	0	0.758843619	0.007956552	0.233199829
0	0	0.996287354	0.0001673	0.003545346
0	0	0.997364527	0.002307388	0.000328085
0	0	0.999992674	6.89808E-10	7.32581E-06
0	0	0.963021677	0.034390347	0.002587976
0	0	0.932265538	0.004000493	0.063733969
0	0	0.996380764	0.000817528	0.002801709
0	0	0.999884292	3.49632E-05	8.07449E-05
0	0	0.949123306	0.018311673	0.032565021
0	0	0.99961594	8.16977E-05	0.000302362
0	0	0.966161622	0.013705965	0.020132414
0	0	0.956883577	0.038570268	0.004546155
0	2	0.489345089	6.43877E-05	0.510590523
0	0	0.992701104	0.006817069	0.000481827
0	0	0.999422602	4.09165E-05	0.000536482
0	0	0.922161758	0.003000625	0.074837616
0	0	0.989929498	0.009169967	0.000900535
0	0	0.997329767	0.001011952	0.001658281
0	0	0.990054368	0.002429438	0.007516194
0	0	0.974480825	0.003162949	0.022356226
0	0	0.947722847	0.004647187	0.047629966
0	0	0.980951821	0.000515728	0.018532452
0	0	0.999341606	0.000292058	0.000366336
0	0	0.999871105	2.75628E-06	0.000126139
0	0	0.681055783	0.011607416	0.307336801
0	0	0.999977256	1.16029E-07	2.2628E-05
0	0	0.974094661	0.008014148	0.017891191
0	0	0.940687259	0.001215932	0.058096809
0	0	0.998639649	0.000552442	0.000807909
0	0	0.983553586	0.006859758	0.009586656
0	0	0.999218566	0.000174798	0.000606636
0	0	0.99170233	0.000277794	0.008019876
0	0	0.9953099	0.000474238	0.004215862
0	0	0.759734258	0.018777676	0.221488066
0	0	0.999264392	0.000140243	0.000595365
0	0	0.634380998	0.031014341	0.334604661
0	0	0.999424707	0.000460694	0.000114599
0	0	0.96964665	0.02400667	0.006346679
0	0	0.998220781	0.000249667	0.001529551
0	0	0.966050829	0.001818326	0.032130844
0	0	0.961902346	0.000373033	0.03772462
0	0	0.997793535	6.87311E-05	0.002137734
0	0	0.949444946	0.016568073	0.033986981
0	0	0.999891907	6.65133E-05	4.15793E-05
0	0	0.993036847	0.005449739	0.001513414
0	0	0.61684546	0.01017688	0.372977659
0	0	0.99834543	4.7682E-05	0.001606888
0	0	0.974916394	0.020058474	0.005025132
0	0	0.692127411	0.010831625	0.297040965
0	0	0.98238268	0.006595456	0.011021864
0	0	0.998460414	0.001107178	0.000432408
0	0	0.999166667	7.52621E-05	0.000758071
0	0	0.99821636	0.000986265	0.000797375
0	0	0.992241983	0.001256295	0.006501722
0	0	0.857303406	0.00138153	0.141315063
0	0	0.936791549	0.017041658	0.046166794
0	0	0.997683494	0.000154933	0.002161573
0	0	0.999992665	2.022E-07	7.1328E-06
0	0	0.999983479	2.37184E-08	1.64973E-05
0	0	0.99890362	0.000294216	0.000802164
0	0	0.994352481	0.003951486	0.001696033
0	0	0.998007517	0.001846627	0.000145855
0	0	0.776688698	0.01775096	0.205560342
0	0	0.969807359	0.003807594	0.026385047
0	0	0.9697152	0.019098359	0.011186441
0	0	0.973359589	0.00327741	0.023363
0	0	0.99726967	2.47364E-05	0.002705593
0	0	0.911725748	0.034647973	0.053626279
0	0	0.999999999	1.55636E-10	1.29572E-09
0	0	0.878286407	0.009772504	0.111941089
0	0	0.998991091	0.00011133	0.000897579
0	0	0.997879789	4.79658E-05	0.002072246
0	0	0.951136165	0.002904488	0.045959346
0	0	0.993051528	0.001790299	0.005158174
0	0	0.558189211	0.085216748	0.35659404
0	0	0.999816388	2.18987E-05	0.000161714
0	0	0.994000491	0.002255198	0.003744311
0	0	0.963130519	0.027041938	0.009827543
0	0	0.98507186	0.001062489	0.01386565
0	0	0.926236213	0.003754403	0.070009384
0	0	0.908112603	0.000658802	0.091228594
0	0	0.984522415	0.000430915	0.015046669
0	0	0.991987698	0.001394186	0.006618116
0	0	0.999999998	1.22834E-09	1.17806E-09
0	0	0.961024582	0.000573785	0.038401633
0	0	0.99759297	9.63416E-05	0.002310688
0	0	0.963346272	0.031409579	0.005244149
0	0	0.57979725	0.005990522	0.414212229
0	0	0.997381991	0.000430346	0.002187663
0	0	0.995959293	0.000350781	0.003689926
0	0	0.988757076	0.000635558	0.010607366
0	0	0.976870728	0.003365425	0.019763846
0	0	0.989292611	0.003669627	0.007037762
0	0	0.99774229	0.000100329	0.002157381
0	0	0.999587788	0.000313343	9.88692E-05
0	0	0.999999834	1.34743E-07	3.14238E-08
0	0	0.999880226	4.09762E-05	7.87982E-05
0	0	0.98500315	0.011318571	0.003678278
0	0	0.954118434	0.014064977	0.031816589
0	0	0.999924409	4.1944E-05	3.36474E-05
0	0	0.985199374	8.59701E-05	0.014714656
0	0	0.866933245	0.126211867	0.006854888
0	0	0.876892561	0.027381962	0.095725477
0	0	0.999793779	7.2406E-06	0.00019898
0	0	0.99043582	0.002049601	0.00751458
0	0	0.999215778	0.000530503	0.000253719
0	0	0.827137276	0.172685267	0.000177457
0	0	0.961440671	0.029094026	0.009465304
0	0	0.998849834	0.000554274	0.000595892
0	0	0.994706487	0.000658459	0.004635053
0	0	0.998513742	0.000202659	0.001283599
0	0	0.999025292	0.000116424	0.000858284
0	0	0.998923206	0.001058209	1.85846E-05
0	0	1	3.93099E-14	1.62881E-10
0	0	0.999041978	9.64512E-06	0.000948377
0	0	0.958531278	1.54536E-06	0.041467177
0	0	0.762244707	0.041686096	0.196069197
0	0	0.995184737	0.004015366	0.000799898
0	0	0.990664128	0.001337999	0.007997872
0	0	0.841487369	0.012064545	0.146448086
0	0	0.866024387	0.056115556	0.077860057
0	0	0.96885228	8.99755E-07	0.03114682
0	0	0.981728908	0.001310115	0.016960977
0	0	0.89503636	0.000319616	0.104644024
0	0	0.928876588	0.006150146	0.064973266
0	0	0.747223248	0.004271495	0.248505257
0	0	0.941446012	0.053176523	0.005377465
0	0	0.951659223	0.002872857	0.04546792
0	0	0.985329281	0.010003909	0.004666811
0	0	0.986213926	0.000156074	0.013630001
0	0	0.867389576	0.005101263	0.127509161
0	0	0.999916947	3.52688E-07	8.27007E-05
0	0	0.996878146	0.000175912	0.002945942
0	0	0.9885453	6.69931E-05	0.011387707
0	0	0.706160885	0.044143385	0.249695729
0	0	0.997141154	0.001757324	0.001101521
0	0	0.996486654	0.000350616	0.003162731
0	0	0.972639563	0.000956489	0.026403949
0	0	0.998431455	0.000344103	0.001224442
0	0	0.980290888	0.007315895	0.012393218
0	0	0.998347961	0.000215262	0.001436776
0	0	0.999996511	8.21266E-08	3.40726E-06
0	0	0.988640226	0.002590706	0.008769068
0	0	0.999181337	6.39411E-07	0.000818024
0	0	0.999713211	0.000136159	0.00015063
0	0	0.999364955	1.50109E-05	0.000620035
0	0	0.999853156	4.35473E-06	0.000142489
0	0	0.999998509	1.4569E-06	3.44726E-08
0	0	0.999640645	0.000338712	2.06425E-05
0	0	0.95380725	0.036512753	0.009679997
0	0	0.981907261	0.004733651	0.013359088
0	2	0.055392459	0.004735766	0.939871776
0	0	0.99964472	5.93671E-06	0.000349343
0	0	0.999529101	0.000145146	0.000325753
0	0	0.994215457	0.00499858	0.000785963
0	0	0.97863174	0.001166789	0.020201471
0	0	0.993446631	0.005501278	0.001052092
0	0	0.92489961	0.002990932	0.072109457
0	0	0.999279407	0.000479474	0.000241119
0	0	0.996299449	0.001907985	0.001792566
0	0	0.999498666	5.71631E-05	0.000444171
0	0	0.798562922	0.006784996	0.194652081
0	0	0.993080408	0.000182613	0.006736979
0	0	0.707542784	0.036605485	0.255851731
0	0	0.713807844	0.002578258	0.283613898
0	0	0.990129762	0.003035378	0.00683486
0	0	0.99834284	0.000391369	0.00126579
0	0	0.538642355	0.080604285	0.38075336
0	0	0.844486271	0.001116533	0.154397196
0	0	0.997050855	0.000595414	0.002353731
0	0	0.774090136	0.003818617	0.222091247
0	0	0.999666305	0.000109374	0.000224321
0	0	0.922168786	0.000736997	0.077094217
0	0	0.992852154	9.53484E-05	0.007052497
0	0	0.99935496	0.000131942	0.000513097
0	0	0.996437154	0.000452027	0.003110819
0	0	0.984955091	0.010272763	0.004772146
0	0	0.999554819	0.000364623	8.0557E-05
0	0	0.980373135	0.002258799	0.017368066
0	0	0.998863786	0.00015825	0.000977965
0	0	0.99999475	3.30711E-08	5.21691E-06
0	0	0.999756013	4.74678E-06	0.00023924
0	0	0.995903685	0.003135381	0.000960934
0	0	0.998315112	6.80555E-05	0.001616832
0	0	0.999879495	0.000117871	2.63423E-06
0	0	0.999142785	0.000504291	0.000352924
0	0	0.898419316	0.029301447	0.072279237
0	0	0.99761227	0.000105017	0.002282713
0	0	0.99959059	6.11385E-09	0.000409403
0	0	0.999999748	2.21975E-07	3.02824E-08
0	0	0.977611797	0.002480382	0.019907821
0	0	0.965243195	0.018360105	0.0163967
0	0	0.999446874	0.000292352	0.000260775
0	0	0.98305837	0.004967261	0.01197437
0	0	0.724734262	0.003808384	0.271457354
0	0	0.711137131	0.001379423	0.287483446
0	0	0.811147837	0.023223166	0.165628997
0	0	0.984769806	4.8234E-05	0.015181961
0	0	0.999996765	2.28164E-07	3.00689E-06
0	0	0.999987144	4.68702E-06	8.16942E-06
0	0	0.999999795	7.21297E-08	1.33002E-07
0	0	0.978227716	0.015034424	0.006737861
0	0	0.985646807	0.000496088	0.013857105
0	0	0.907287225	0.000254351	0.092458424
0	0	0.742532043	0.01606537	0.241402587
0	0	0.989734937	0.008834258	0.001430805
0	0	0.87031577	0.047245438	0.082438792
0	0	0.95355093	0.045768352	0.000680718
0	0	0.769996851	0.013568982	0.216434168
0	0	0.995911041	0.001632901	0.002456059
0	0	0.997642035	0.000319913	0.002038052
0	0	0.998675548	3.13392E-06	0.001321318
0	0	0.998012554	0.000592068	0.001395379
0	0	0.965962837	0.019975876	0.014061286
0	0	0.873194513	0.001749899	0.125055588
0	0	0.995994388	3.01473E-05	0.003975465
0	0	0.908165914	0.001580162	0.090253925
0	0	0.98786556	0.007192556	0.004941884
0	0	0.947921457	0.003203268	0.048875275
0	0	0.874148931	0.01326131	0.112589759
0	0	0.942251006	0.017120417	0.040628578
0	0	0.844874274	0.125925168	0.029200558
0	0	0.984463229	0.004901281	0.01063549
0	0	0.999985527	1.38114E-05	6.61594E-07
0	0	0.995439884	0.001645073	0.002915043
0	0	0.996623421	0.000897783	0.002478796
0	0	0.968586431	0.006509338	0.024904231
0	0	0.879398036	0.044859601	0.075742363
0	0	0.928400528	0.001222702	0.07037677
0	2	0.213279771	0.001468152	0.785252077
0	0	0.979391237	0.000470307	0.020138455
0	0	0.999869927	4.63945E-05	8.36784E-05
0	0	0.965311065	0.002694871	0.031994064
0	0	0.847735672	0.065632361	0.086631967
0	0	0.997497668	0.001518844	0.000983488
0	0	0.873957433	0.056200838	0.069841729
0	0	0.990692633	9.48152E-07	0.009306419
0	2	0.261101919	0.006949091	0.73194899
0	0	0.861787276	0.005483856	0.132728868
0	0	0.966582357	0.0003033	0.033114343
0	0	0.993570641	0.00075473	0.005674629
0	0	0.9117163	0.00173313	0.08655057
0	0	0.999034298	0.000287161	0.000678541
0	0	0.998224634	0.000116261	0.001659105
0	0	0.99499507	0.001248993	0.003755937
1	1	1.11725E-06	0.998564379	0.001434503
1	1	0.015923162	0.795184966	0.188891873
1	1	0.001277421	0.99769043	0.001032149
1	1	3.11614E-06	0.999984531	1.2353E-05
1	1	7.73982E-08	0.99999724	2.68266E-06
1	1	0.001063468	0.997682286	0.001254246
1	1	1.94194E-06	0.99997548	2.25782E-05
1	1	0.000259702	0.998824831	0.000915467
1	1	7.00332E-06	0.999974125	1.88721E-05
1	1	2.92148E-05	0.999965679	5.10631E-06
1	1	0.00224963	0.995221771	0.0025286
1	1	0.001290773	0.935462637	0.06324659
1	1	7.57144E-05	0.99955754	0.000366745
1	1	1.32989E-07	0.99999884	1.02676E-06
1	1	3.74966E-09	0.999999556	4.4048E-07
1	1	3.86151E-05	0.999832922	0.000128463
1	1	7.1262E-08	0.999896787	0.000103142
1	1	5.40073E-06	0.999924344	7.02552E-05
1	1	0.000137467	0.999773118	8.94146E-05
1	1	0.000411106	0.996545435	0.003043459
1	1	1.61656E-06	0.999987802	1.05814E-05
1	1	8.19552E-07	0.99999199	7.1908E-06
1	1	0.000138368	0.999606593	0.000255039
1	1	4.19808E-05	0.999202041	0.000755978
1	1	0.02227726	0.976296607	0.001426133
1	1	8.32786E-13	1	5.24532E-11
1	1	5.12211E-06	0.999955142	3.97363E-05
1	1	3.55398E-07	0.999971927	2.7718E-05
1	1	2.59086E-05	0.999763783	0.000210308
1	1	4.56078E-07	0.999997593	1.95093E-06
1	1	8.93447E-06	0.999905958	8.51076E-05
1	1	2.97084E-05	0.999518496	0.000451795
1	1	1.67767E-06	0.999997651	6.70996E-07
1	1	0.026195975	0.95661956	0.017184465
1	1	3.44892E-05	0.999736001	0.00022951
1	1	1.51724E-07	0.999999848	4.10952E-13
1	1	1.64094E-07	0.999971371	2.84652E-05
1	1	0.022838401	0.976371705	0.000789894
1	1	6.77807E-05	0.999867233	6.49864E-05
1	1	5.44278E-07	0.999994472	4.98336E-06
1	1	4.88554E-06	0.99996835	2.67646E-05
1	1	2.87506E-05	0.99904813	0.000923119
1	1	9.2036E-07	0.999998764	3.15786E-07
1	1	0.001647918	0.993081647	0.005270435
1	1	0.001120484	0.997508352	0.001371165
1	1	0.000386518	0.999368819	0.000244662
1	1	1.166E-08	0.999999973	1.55237E-08
1	1	1.21768E-10	1	1.54486E-11
1	1	1.02954E-06	0.999998251	7.1929E-07
1	1	2.77282E-09	0.999999691	3.06208E-07
1	1	2.27432E-05	0.999855592	0.000121664
1	1	0.000658635	0.982513865	0.0168275
1	1	0.022655844	0.85475754	0.122586616
1	1	4.38846E-05	0.99995211	4.00588E-06
1	1	2.79741E-05	0.999967297	4.72883E-06
1	1	0.002605672	0.995744303	0.001650025
1	1	2.54134E-05	0.999668007	0.00030658
1	1	0.003994888	0.993382382	0.00262273
1	1	8.5127E-05	0.99823572	0.001679153
1	1	1.30734E-06	0.999985469	1.32235E-05
1	1	7.6156E-06	0.999987848	4.53624E-06
1	1	0.002868939	0.982442894	0.014688167
1	2	0.001147746	0.424409904	0.57444235
1	1	4.65146E-06	0.999971436	2.3912E-05
1	2	0.266616998	0.315327936	0.418055067
1	1	0.000971171	0.995004544	0.004024285
1	1	0.00233006	0.997142756	0.000527184
1	1	7.93667E-06	0.999982987	9.07654E-06
1	1	6.86864E-09	0.999999992	8.70895E-10
1	1	7.69593E-07	0.999995805	3.42536E-06
1	1	2.82176E-06	0.999950678	4.65004E-05
1	1	2.53986E-06	0.99999666	8.00281E-07
1	1	3.47909E-05	0.997648839	0.00231637
1	1	0.004145495	0.973037131	0.022817374
1	1	8.90737E-08	0.999998517	1.39363E-06
1	1	3.93851E-06	0.999691217	0.000304844
1	1	2.5592E-05	0.993688416	0.006285992
1	1	3.13333E-07	0.999999682	4.90456E-09
1	1	0.00022583	0.999571135	0.000203036
1	1	5.6847E-08	0.999998409	1.53405E-06
1	1	3.00677E-06	0.999957257	3.97364E-05
1	1	0.046042892	0.867376715	0.086580393
1	1	5.32718E-12	0.999999999	1.09173E-09
1	1	1.28529E-06	0.999971589	2.71257E-05
1	1	3.78583E-09	0.999999972	2.463E-08
1	1	5.90535E-05	0.999933975	6.9716E-06
1	1	0.000581868	0.998933958	0.000484174
1	1	5.90532E-05	0.999927841	1.31056E-05
1	1	0.007980308	0.985428878	0.006590815
1	1	0.000103066	0.999759276	0.000137658
1	1	0.000377078	0.996646873	0.002976049
1	1	0.008387673	0.991147243	0.000465084
1	1	1.08296E-06	0.999989303	9.6138E-06
1	1	3.16196E-06	0.999981076	1.57618E-05
1	1	0.000961133	0.991836152	0.007202714
1	1	0.000256746	0.99917754	0.000565713
1	1	0.000457175	0.999254997	0.000287829
1	1	7.22756E-05	0.999776148	0.000151576
1	1	4.26574E-06	0.999905129	9.06056E-05
1	1	0.004322227	0.967940675	0.027737098
1	1	1.12849E-10	0.99962653	0.00037347
1	1	0.000182516	0.999725801	9.16829E-05
1	1	1.28018E-06	0.999993426	5.29416E-06
1	1	0.000178229	0.999656454	0.000165317
1	1	2.61738E-06	0.999962175	3.5208E-05
1	1	3.02135E-06	0.999992538	4.4411E-06
1	1	0.000137664	0.999406143	0.000456193
1	1	2.69194E-05	0.999935931	3.71494E-05
1	1	6.31828E-06	0.999936966	5.67155E-05
1	1	1.84758E-08	0.999994241	5.74026E-06
1	1	0.025793289	0.973126761	0.00107995
1	1	2.19229E-05	0.999821487	0.00015659
1	1	0.000191019	0.999564906	0.000244075
1	1	0.00042254	0.997776842	0.001800617
1	1	4.08896E-05	0.998965172	0.000993938
1	1	8.18713E-07	0.999967244	3.19374E-05
1	1	8.15353E-10	0.999999995	4.47706E-09
1	1	1.0464E-05	0.999433883	0.000555653
1	1	0.000302251	0.999147452	0.000550297
1	1	0.001065865	0.99683655	0.002097585
1	1	9.87781E-06	0.999979819	1.03036E-05
1	1	5.61462E-05	0.999649389	0.000294465
1	1	1.59563E-05	0.999741895	0.000242149
1	1	0.000110511	0.998402199	0.001487291
1	1	7.68253E-05	0.999923146	2.83744E-08
1	1	7.49023E-06	0.99998888	3.62952E-06
1	1	0.049714169	0.935321192	0.014964639
1	1	0.000228116	0.999342671	0.000429213
1	1	0.00459149	0.992676317	0.002732193
1	1	0.062771324	0.903339409	0.033889267
1	1	4.87839E-05	0.999890361	6.08554E-05
1	1	0.000471126	0.992146679	0.007382195
1	1	1.14271E-06	0.999996413	2.44466E-06
1	1	5.96662E-08	0.999999723	2.17297E-07
1	1	4.52167E-06	0.999970764	2.47143E-05
1	1	8.6106E-05	0.99976835	0.000145544
1	1	0.000168216	0.99008738	0.009744404
1	1	2.21933E-06	0.999996927	8.54027E-07
1	1	2.22877E-05	0.998323579	0.001654134
1	1	0.003958203	0.994052681	0.001989116
1	1	0.001699809	0.998162423	0.000137768
1	1	3.29294E-08	0.999999023	9.43848E-07
1	1	0.006052283	0.992012276	0.001935442
1	1	0.001451388	0.989916231	0.008632381
1	1	0.011153566	0.953614275	0.035232159
1	1	0.004086448	0.990070368	0.005843185
1	1	0.000336831	0.998471059	0.00119211
1	1	7.77642E-05	0.999571132	0.000351104
1	1	1.27477E-09	0.999999839	1.59855E-07
1	1	0.000111082	0.999660273	0.000228645
1	1	0.000240035	0.999575181	0.000184784
1	1	8.98769E-06	0.999944827	4.6185E-05
1	1	7.09844E-05	0.999749626	0.00017939
1	1	0.000158614	0.999561615	0.000279771
1	1	0.002015097	0.992738372	0.005246531
1	1	4.52709E-08	0.999999251	7.03709E-07
1	1	0.000101571	0.999444403	0.000454026
1	1	0.000264114	0.992598644	0.007137242
1	1	3.61025E-05	0.999951502	1.23959E-05
1	1	5.61423E-06	0.999994322	6.36539E-08
1	1	1.87685E-06	0.999981806	1.63168E-05
1	1	8.9492E-09	0.999998256	1.73535E-06
1	1	0.002421613	0.996384955	0.001193433
1	1	0.000639485	0.999353265	7.24973E-06
1	1	1.12614E-07	0.999999884	3.00466E-09
1	1	6.42149E-10	0.999999999	1.03692E-10
1	1	0.002727979	0.994023626	0.003248395
1	1	0.000343122	0.995783104	0.003873775
1	1	4.55742E-05	0.999930648	2.37775E-05
1	1	4.33089E-05	0.999847439	0.000109252
1	1	0.000684208	0.998651872	0.00066392
1	1	0.000338292	0.999298742	0.000362966
1	1	0.011877052	0.98664285	0.001480098
1	1	1.29497E-06	0.999977989	2.07156E-05
1	1	1.09553E-05	0.999908717	8.03281E-05
1	1	2.42817E-05	0.917056331	0.082919387
1	1	3.44251E-05	0.999474996	0.000490579
1	1	2.9332E-05	0.999768322	0.000202346
1	1	0.002881231	0.994477611	0.002641158
1	1	0.000307108	0.999087911	0.000604982
1	1	2.16192E-05	0.999872852	0.000105529
1	1	1.19863E-06	0.999872549	0.000126252
1	1	7.87162E-05	0.998738946	0.001182338
1	1	0.000141839	0.998580751	0.001277411
1	0	0.488584388	0.288562646	0.222852966
1	1	6.8711E-06	0.99991352	7.96088E-05
1	1	0.000741532	0.949336397	0.049922071
1	1	0.000300925	0.999251984	0.000447091
1	1	0.002016248	0.991122853	0.006860899
1	1	2.17582E-05	0.998881727	0.001096514
1	0	0.585005411	0.124576638	0.290417951
1	1	1.89962E-06	0.999343939	0.000654162
1	1	0.000546966	0.997280201	0.002172833
1	1	0.080121401	0.466492991	0.453385608
1	1	0.000369726	0.996556501	0.003073773
1	1	0.000414833	0.994282966	0.0053022
1	1	8.99583E-06	0.999950877	4.01275E-05
1	2	0.117003954	0.377061284	0.505934762
1	1	0.01128088	0.930301985	0.058417135
1	1	1.57977E-08	0.999998763	1.22129E-06
1	1	0.039267162	0.960437198	0.00029564
1	1	0.00060702	0.99516254	0.00423044
1	1	2.24783E-05	0.999940335	3.71867E-05
1	1	0.000510511	0.997804334	0.001685154
1	1	0.00934107	0.990510876	0.000148054
1	1	0.000164492	0.999553492	0.000282016
1	1	0.005931025	0.993562512	0.000506464
1	1	8.97992E-06	0.999680859	0.000310161
1	1	0.00054286	0.96593531	0.03352183
1	1	1.07611E-06	0.990883238	0.009115686
1	1	0.012121449	0.987105123	0.000773427
1	1	1.75505E-07	0.99999934	4.84669E-07
1	1	3.5989E-05	0.998005355	0.001958656
1	1	5.43884E-09	0.99999986	1.34891E-07
1	1	3.5187E-07	0.999996763	2.88553E-06
1	1	6.91571E-05	0.999870594	6.02487E-05
1	1	6.14837E-07	0.99999165	7.73536E-06
1	1	1.04155E-06	0.999900935	9.80239E-05
1	1	0.001839073	0.814082528	0.184078399
1	1	0.000113858	0.999245189	0.000640953
1	1	5.73258E-09	0.999999803	1.91515E-07
1	1	1.28066E-08	0.999996228	3.7592E-06
1	1	0.000217562	0.996282201	0.003500237
1	1	4.42732E-07	0.999998439	1.11852E-06
1	1	1.65998E-05	0.999582588	0.000400812
1	1	0.00047735	0.97408083	0.02544182
1	1	4.48189E-05	0.999918273	3.6908E-05
1	1	0.000969611	0.998385554	0.000644835
1	1	0.007031525	0.989998649	0.002969827
1	1	0.001669318	0.997862259	0.000468422
1	1	0.000365788	0.997146911	0.002487301
1	2	0.239409832	0.356443899	0.404146268
1	1	0.000162836	0.998936217	0.000900947
1	1	4.51475E-10	0.999999823	1.76667E-07
1	1	0.007633165	0.894265347	0.098101488
1	1	3.27179E-11	0.999999999	4.68774E-10
1	1	1.04283E-05	0.99920846	0.000781112
1	1	0.002186553	0.982918439	0.014895008
1	1	3.81527E-05	0.995695145	0.004266702
1	1	1.30136E-07	0.953717218	0.046282652
1	1	0.000491843	0.96093314	0.038575017
1	1	0.138001658	0.613368379	0.248629963
1	1	4.25371E-14	0.999999988	1.24605E-08
1	1	0.016042686	0.980000445	0.003956869
1	1	1.10839E-06	0.99999801	8.81622E-07
1	1	0.008308767	0.980057473	0.01163376
1	1	0.0017809	0.986949388	0.011269712
1	1	0.011304794	0.689610476	0.29908473
1	1	1.41699E-05	0.999407862	0.000577968
1	1	0.000203224	0.997502643	0.002294133
1	1	8.81568E-06	0.999621174	0.000370011
1	1	1.66524E-05	0.999946601	3.6747E-05
1	2	0.246333037	0.318519734	0.435147229
2	2	0.000548298	4.37993E-05	0.999407903
2	2	0.077978816	0.003892833	0.918128351
2	2	0.000541067	0.00062612	0.998832813
2	2	2.72013E-08	5.05198E-08	0.999999922
2	2	0.000321334	0.000108514	0.999570152
2	2	0.005458926	0.005088342	0.989452733
2	2	0.010450363	0.001891437	0.987658201
2	2	0.000825718	0.000231401	0.998942881
2	2	0.112738195	0.017457481	0.869804324
2	2	0.0723168	0.055188603	0.872494598
2	2	2.4655E-07	9.22596E-12	0.999999753
2	2	0.002761779	0.000811943	0.996426277
2	2	0.02415092	0.00018096	0.975668119
2	2	7.18354E-07	2.11405E-06	0.999997168
2	2	0.003141776	0.001713586	0.995144639
2	2	0.000299703	1.76298E-05	0.999682667
2	2	0.119494924	0.000723304	0.879781773
2	0	0.674279531	0.014579913	0.311140556
2	2	0.000643145	0.000196836	0.999160019
2	2	0.00103754	0.254284147	0.744678313
2	2	1.92654E-15	5.00069E-05	0.999949993
2	2	0.010033582	0.067696718	0.9222697
2	2	5.65204E-08	0.000164243	0.999835701
2	2	0.000343567	0.001882737	0.997773696
2	2	5.00186E-06	0.000594613	0.999400385
2	2	3.88649E-06	4.27326E-08	0.999996071
2	2	7.31213E-06	0.000269006	0.999723682
2	2	3.42039E-05	0.000837012	0.999128784
2	2	0.000380319	0.000817877	0.998801804
2	2	0.000962385	0.081439433	0.917598182
2	2	0.000131929	0.000311833	0.999556238
2	2	3.26241E-06	3.99955E-05	0.999956742
2	2	0.005891952	0.000555152	0.993552896
2	2	0.013539878	0.129287581	0.857172542
2	2	0.00058287	0.000263845	0.999153285
2	2	0.004553425	0.000310237	0.995136338
2	2	0.001303091	1.22239E-05	0.998684685
2	0	0.73559527	0.000818633	0.263586098
2	2	0.019610753	0.348270004	0.632119243
2	2	5.27388E-09	1.5967E-11	0.999999995
2	2	0.002151549	0.000412503	0.997435948
2	2	0.000107076	0.000165627	0.999727297
2	2	0.003711764	0.025695277	0.97059296
2	2	0.051420642	0.176150667	0.77242869
2	2	0.031868596	0.001206256	0.966925148
2	2	0.000112899	1.70622E-07	0.99988693
2	2	0.008585969	0.000696651	0.99071738
2	1	0.22461037	0.439337193	0.336052437
2	2	0.004280037	0.001993838	0.993726125
2	2	0.000845049	0.000369664	0.998785286
2	2	0.010061065	0.006187759	0.983751176
2	1	0.048266188	0.76703411	0.184699702
2	2	0.004415519	0.000402816	0.995181665
2	2	0.00449297	0.033122541	0.962384489
2	0	0.560473284	0.00233073	0.437195986
2	2	0.001532492	0.000525395	0.997942113
2	2	0.000361497	0.006173088	0.993465414
2	2	0.006281302	0.002359093	0.991359604
2	2	0.00016186	0.00031417	0.99952397
2	2	0.010040275	0.000455028	0.989504697
2	2	0.012162966	0.00897009	0.978866944
2	0	0.566652153	0.060397374	0.372950473
2	2	3.31378E-05	1.58309E-06	0.999965279
2	2	2.31404E-07	2.11421E-08	0.999999747
2	2	5.59287E-07	3.35183E-06	0.999996089
2	2	0.413709676	0.001084007	0.585206317
2	2	0.002153335	0.001078766	0.996767899
2	2	0.445009076	0.008731129	0.546259795
2	2	0.011724344	0.003545813	0.984729844
2	2	0.001395457	0.066335268	0.932269276
2	2	0.002444514	0.000161177	0.99739431
2	2	0.003823595	0.015942543	0.980233862
2	2	0.021336287	0.000761937	0.977901776
2	2	2.49355E-06	5.72071E-07	0.999996934
2	2	0.000550809	0.000670677	0.998778513
2	2	0.00052783	0.000108037	0.999364133
2	2	5.51597E-05	2.20659E-05	0.999922774
2	2	0.009947141	0.045430567	0.944622292
2	2	0.000946658	0.017356764	0.981696578
2	2	0.030679774	8.85935E-05	0.969231632
2	2	0.009236054	0.266964238	0.723799709
2	2	0.015184631	0.005470575	0.979344794
2	2	0.001767607	0.01698323	0.981249163
2	2	0.000869022	0.01671678	0.982414198
2	2	0.000118941	0.032426264	0.967454796
2	2	9.30223E-05	0.000177921	0.999729057
2	2	0.010876716	0.006009998	0.983113286
2	2	0.039983701	0.034666434	0.925349865
2	2	0.00101958	4.40289E-05	0.998936391
2	2	0.038264686	0.003850594	0.95788472
2	2	0.002226102	0.002366358	0.995407539
2	2	0.001747239	0.009704959	0.988547802
2	2	0.000124536	0.003985	0.995890464
2	2	5.25545E-09	4.96653E-12	0.999999995
2	2	4.84526E-06	4.90424E-06	0.99999025
2	2	0.111311748	0.093694061	0.794994191
2	2	0.001122587	9.62637E-05	0.99878115
2	2	2.44369E-06	8.99971E-07	0.999996656
2	2	0.000360802	2.03734E-05	0.999618825
2	2	4.74302E-05	4.33993E-06	0.99994823
2	0	0.744218363	0.004283774	0.251497863
2	2	2.32738E-05	6.02756E-05	0.999916451
2	2	1.24886E-05	0.001976375	0.998011136
2	2	0.000139136	0.000220666	0.999640198
2	2	1.51604E-05	7.73834E-06	0.999977101
2	2	0.132599046	0.159481812	0.707919143
2	2	0.008148989	0.003049245	0.988801766
2	0	0.755371798	0.002295866	0.242332336
2	2	0.00750706	0.011619026	0.980873914
2	2	8.05058E-05	1.02555E-06	0.999918469
2	2	0.000213603	7.99193E-05	0.999706478
2	2	0.031834933	0.00274413	0.965420937
2	2	4.35947E-10	2.52889E-08	0.999999974
2	2	7.11854E-06	4.5603E-07	0.999992425
2	2	4.85666E-10	7.12632E-07	0.999999287
2	2	7.40726E-05	0.000490853	0.999435074
2	2	0.001533179	0.000377095	0.998089726
2	2	0.00101284	0.001480765	0.997506395
2	2	0.005974312	0.002971803	0.991053885
2	2	0.016017199	0.05725203	0.926730771
2	2	0.000125465	5.62007E-05	0.999818334
2	2	0.001063078	2.27286E-05	0.998914193
2	2	0.042760689	0.125000684	0.832238626
2	2	0.064024785	0.000204696	0.935770519
2	2	0.004917752	0.003550014	0.991532235
2	2	2.7262E-06	4.08558E-09	0.99999727
2	2	1.7376E-06	2.04829E-06	0.999996214
2	2	0.000484106	0.004907424	0.99460847
2	2	0.010015015	0.003463174	0.986521812
2	2	0.000150214	2.63701E-07	0.999849522
2	2	0.007091724	0.00189445	0.991013826
2	2	0.017457499	0.003505627	0.979036874
2	2	0.001502617	0.00014316	0.998354223
2	2	0.102545988	0.104701282	0.792752731
2	2	0.001644315	0.00018569	0.998169995
2	2	0.000602287	7.40717E-05	0.999323641
2	2	0.000332417	0.011221528	0.988446055
2	2	0.019794807	0.03318572	0.947019473
2	2	0.001768549	2.58372E-05	0.998205614
2	2	0.001546448	0.000346442	0.99810711
2	2	0.00215302	0.000926141	0.996920839
2	2	0.022455729	0.021173402	0.956370869
2	2	0.007982112	0.000731984	0.991285905
2	2	0.000758161	0.000156475	0.999085364
2	2	0.006336157	0.002408183	0.99125566
2	2	0.001186286	4.08613E-05	0.998772853
2	2	5.7812E-05	0.003650049	0.996292139
2	2	0.000260767	0.000324059	0.999415174
2	2	0.002738656	0.000244771	0.997016573
2	2	0.003834142	0.005333169	0.990832689
2	2	0.010658083	0.016600263	0.972741655
2	2	0.001776232	0.001778365	0.996445403
2	2	7.9238E-06	3.23421E-05	0.999959734
2	2	6.63505E-05	0.018027453	0.981906196
2	2	0.000279197	0.001613105	0.998107698
2	2	0.016538246	0.014063399	0.969398355
2	2	0.000917323	3.32502E-05	0.999049427
2	0	0.507911113	0.172605123	0.319483765
2	2	0.002784342	0.008495287	0.988720371
2	2	0.020635151	0.002258037	0.977106812
2	2	0.000235063	0.001820475	0.997944462
2	2	0.004677981	0.024768352	0.970553667
2	2	0.020749843	0.001612908	0.977637249
2	2	0.004991852	0.002726468	0.99228168
2	2	0.043588864	0.006848309	0.949562828
2	2	0.020567009	0.011281772	0.968151219
2	2	0.319590326	0.068466183	0.611943491
2	2	0.000169164	0.004463849	0.995366987
2	2	0.000733668	2.03536E-05	0.999245979
2	2	0.000536772	7.76669E-08	0.99946315
2	2	0.012115649	0.005681402	0.982202949
2	2	0.013180245	0.011350016	0.975469739
2	2	0.001558491	0.001274582	0.997166927
2	2	0.001699827	0.009070492	0.989229681
2	2	0.000152484	0.00508454	0.994762976
2	2	0.001669282	0.004274613	0.994056105
2	2	0.058704137	0.215252165	0.726043698
2	2	0.002625912	0.002089925	0.995284163
2	2	0.000841611	0.00254559	0.9966128
2	2	0.005158526	0.028274232	0.966567242
2	2	0.000836131	8.88798E-05	0.999074989
2	2	0.000722723	0.003353387	0.99592389
2	2	9.2878E-05	0.000131117	0.999776005
2	2	0.009690464	0.019876583	0.970432953
2	2	0.116913034	0.109041698	0.774045268
2	2	7.96343E-06	4.27582E-05	0.999949278
2	2	0.004518583	0.000923392	0.994558025
2	2	0.022674557	0.000367638	0.976957805
2	2	2.33219E-06	1.14925E-06	0.999996519
2	2	0.002004203	0.001298938	0.996696859
2	2	0.003535732	0.001685598	0.99477867
2	2	0.000776678	0.000307885	0.998915438
2	2	0.006677616	0.001483139	0.991839245
2	2	0.418801741	0.026292866	0.554905393
2	2	0.00493185	0.001687274	0.993380876
2	2	0.000255834	2.44353E-05	0.99971973
2	2	0.012715269	0.047356475	0.939928256
2	2	0.00618653	0.011437236	0.982376234
2	2	0.004681813	0.007315428	0.988002759
2	2	0.000771273	0.004482976	0.994745751
2	2	0.285376132	0.017677773	0.696946096
2	2	0.009932553	0.022952287	0.96711516
2	2	0.448084931	0.004239659	0.54767541
2	2	0.170227731	0.032865949	0.796906321
2	2	0.000296062	4.49463E-05	0.999658991
2	2	0.002332763	0.001860329	0.995806908
2	2	0.00132077	0.000118365	0.998560865
2	2	0.000175838	0.000172563	0.999651599
2	2	0.002326037	0.000160344	0.997513619
2	2	0.000985078	0.000903089	0.998111834
2	2	7.22036E-05	0.000247891	0.999679905
2	2	0.09038361	0.005405208	0.904211182
2	2	0.028054342	0.085656355	0.886289302
2	2	2.26304E-06	4.75294E-09	0.999997732
2	2	2.02607E-05	6.78411E-06	0.999972955
2	2	0.000311744	0.000816789	0.998871467
2	2	0.011027285	0.002068808	0.986903907
2	2	0.006137165	0.017276771	0.976586064
2	2	0.003609957	0.006695904	0.989694139
2	2	0.015226244	0.001860826	0.98291293
2	2	0.000185972	2.66236E-05	0.999787404
2	2	0.003656561	0.001263421	0.995080018
2	2	0.000425588	0.000911392	0.99866302
2	1	0.003967087	0.824215548	0.171817365
2	2	0.040138393	5.357E-05	0.959808037
2	2	0.29106137	0.013506001	0.695432628
2	2	0.000294997	5.13808E-05	0.999653623
2	2	0.231135654	0.004836081	0.764028265
2	2	0.018336787	0.014749501	0.966913712
2	2	0.01013188	0.01423476	0.97563336
2	2	0.022956839	0.001088734	0.975954427
2	2	0.242742219	0.050632824	0.706624957
2	2	0.022764761	0.032207965	0.945027273
2	2	0.068117597	0.005732981	0.926149422
2	2	0.036099264	0.002614238	0.961286498
2	2	0.305572535	0.013001792	0.681425673
2	2	0.000322687	0.000406255	0.999271058
2	2	4.2239E-05	2.51874E-05	0.999932574
2	2	0.005753418	0.000686942	0.99355964
2	2	0.08318568	0.001218323	0.915595997
2	2	0.302312456	0.0025838	0.695103744
2	2	0.301387102	0.246606881	0.452006017
2	0	0.815842408	0.014476421	0.169681171
2	2	0.159016762	0.186589239	0.654394
2	2	0.031113521	0.000392289	0.96849419
2	0	0.518155888	0.007574415	0.474269696