0	0	0.79943587	0.083138369	0.117425761
0	0	0.981220135	0.000815378	0.017964486
0	0	0.507238265	0.377352908	0.115408827
0	0	0.590903431	0.324554218	0.084542351
0	0	0.71440448	0.076780392	0.208815127
0	2	0.089105414	0.007716185	0.903178401
0	0	0.83474553	0.037267697	0.127986773
0	0	0.598984222	0.042011158	0.35900462
0	0	0.978200733	0.000858143	0.020941124
0	0	0.966581819	0.002144842	0.031273339
0	2	0.239483102	0.013204832	0.747312066
0	0	0.745040059	0.031297493	0.223662448
0	2	0.220113266	0.017890006	0.761996727
0	0	0.897281252	0.005129301	0.097589447
0	0	0.512086417	0.021210437	0.466703146
0	0	0.879774419	0.041366258	0.078859322
0	0	0.588201725	0.017120387	0.394677888
0	2	0.336478087	0.12164817	0.541873743
0	0	0.518069863	0.282311227	0.199618911
0	0	0.386413264	0.235052156	0.37853458
0	0	0.588289516	0.286007834	0.12570265
0	1	0.245761719	0.703144518	0.051093763
0	0	0.505382716	0.248916126	0.245701159
0	0	0.783160384	0.104442586	0.112397029
0	0	0.55673908	0.111174017	0.332086903
0	1	0.002856654	0.985304914	0.011838432
0	1	0.093541682	0.807390253	0.099068065
0	0	0.429585869	0.144549448	0.425864683
0	0	0.826226719	0.019493269	0.154280012
0	0	0.544369773	0.03576711	0.419863117
0	0	0.532684337	0.026587176	0.440728487
0	2	0.252206575	0.060096313	0.687697111
0	2	0.393485885	0.14146399	0.465050125
0	0	0.674693813	0.0328371	0.292469087
0	1	0.290654872	0.690721398	0.01862373
0	1	0.357914787	0.610876574	0.031208639
0	0	0.599939368	0.045482544	0.354578088
0	0	0.969607802	0.003141158	0.027251039
0	2	0.186768181	0.031534058	0.781697761
0	0	0.687269678	0.008365589	0.304364732
0	0	0.889511787	0.034781052	0.075707161
0	2	0.321791808	0.043855703	0.634352489
0	0	0.444762909	0.305466877	0.249770214
0	0	0.481255938	0.16552119	0.353222872
0	0	0.726383257	0.151938795	0.121677947
0	1	0.348542455	0.397247711	0.254209834
0	0	0.844442778	0.075473151	0.080084071
0	0	0.810639104	0.010067606	0.17929329
0	0	0.457921461	0.41538163	0.126696909
0	0	0.778065568	0.013085579	0.208848853
0	0	0.8268686	0.000450429	0.172680971
0	1	0.006667414	0.990125919	0.003206667
0	0	0.624893797	0.145588145	0.229518058
0	0	0.789738218	0.004483041	0.205778741
0	2	0.400745041	0.060680683	0.538574275
0	0	0.922268094	0.009546131	0.068185774
0	2	0.469520966	0.033964401	0.496514632
0	1	0.04942075	0.935864205	0.014715044
0	0	0.477386696	0.05859368	0.464019624
0	2	0.250279226	0.15041185	0.599308924
0	1	0.115505573	0.800005644	0.084488783
0	2	0.476187064	0.047101779	0.476711158
0	2	0.352713994	0.264583664	0.382702342
0	2	0.277616608	0.114039064	0.608344329
0	0	0.853569138	0.018878554	0.127552309
0	2	0.15111946	0.370469325	0.478411216
0	0	0.867109238	0.007896858	0.124993904
0	2	0.396803225	0.088158868	0.515037907
0	0	0.729320708	0.038963042	0.23171625
0	0	0.914246403	0.017760913	0.067992685
0	0	0.790748114	0.026033378	0.183218509
0	0	0.710180822	0.062235129	0.227584049
0	0	0.8544954	0.031525953	0.113978647
0	2	0.230131618	0.023102744	0.746765638
0	0	0.642102778	0.212182845	0.145714377
0	2	0.32981704	0.01662052	0.65356244
0	0	0.897327386	0.012482414	0.0901902
0	0	0.852332523	0.014995899	0.132671578
0	0	0.518866413	0.308106794	0.173026793
0	0	0.562108316	0.096785246	0.341106438
0	2	0.401383201	0.025541807	0.573074992
0	0	0.924248246	0.01036755	0.065384204
0	0	0.994000612	0.00026238	0.005737008
0	0	0.766755734	0.02122688	0.212017386
0	0	0.620545897	0.116757551	0.262696552
0	1	0.084988163	0.896960641	0.018051197
0	2	0.234273443	0.014363482	0.751363076
0	0	0.794887015	0.050023855	0.15508913
0	0	0.835128272	0.013598851	0.151272876
0	0	0.857332848	0.004753714	0.137913438
0	0	0.474768658	0.319426644	0.205804698
0	0	0.989821179	0.001173422	0.009005399
0	0	0.693273575	0.035290884	0.27143554
0	0	0.767201088	0.018547758	0.214251154
0	1	0.315175431	0.424083092	0.260741477
0	2	0.169117241	0.168931314	0.661951445
0	0	0.564196552	0.016077209	0.419726239
0	2	0.376922435	0.134968231	0.488109334
0	1	0.024405779	0.912620345	0.062973875
0	0	0.873210794	0.022634538	0.104154668
0	0	0.530822608	0.021385816	0.447791577
0	0	0.902018336	0.022511693	0.075469971
0	1	0.101433935	0.725026137	0.173539928
0	0	0.527992542	0.000477726	0.471529732
0	2	0.312621022	0.333416235	0.353962744
0	2	0.451068312	0.044809438	0.504122249
0	2	0.388346668	0.002908968	0.608744364
0	0	0.952244209	0.008924689	0.038831102
0	0	0.860782617	0.002387011	0.136830372
0	1	0.180215363	0.788200576	0.031584061
0	1	0.129788108	0.447198776	0.423013116
0	0	0.689060855	0.117757755	0.19318139
0	1	0.0672502	0.840267248	0.092482551
0	0	0.694771867	0.003693903	0.30153423
0	0	0.740951739	0.029357131	0.22969113
0	0	0.959089245	0.003562577	0.037348178
0	0	0.79943587	0.083138369	0.117425761
0	0	0.641353007	0.064352773	0.294294221
0	0	0.662929237	0.105527149	0.231543614
0	0	0.764102522	0.048730347	0.187167132
0	0	0.678064222	0.002983336	0.318952442
0	2	0.326500129	0.05380306	0.619696811
0	0	0.79657728	0.000966402	0.202456318
0	0	0.977597241	0.0036995	0.018703259
0	2	0.272203873	0.028865621	0.698930506
0	2	0.362819263	0.006370671	0.630810066
0	2	0.163456793	0.010416058	0.826127148
0	0	0.716872259	0.222872011	0.06025573
0	1	0.160657291	0.800209421	0.039133288
0	0	0.57124209	0.015110851	0.413647059
0	0	0.437224301	0.169092573	0.393683126
0	1	0.293062159	0.575296024	0.131641818
0	0	0.797473171	0.143702931	0.058823898
0	2	0.347653089	0.186943253	0.465403658
0	1	0.108817172	0.500080533	0.391102295
0	0	0.965821778	0.012415918	0.021762305
0	0	0.715754678	0.001332874	0.282912448
0	0	0.570562679	0.058652079	0.370785241
0	0	0.816459641	0.009970966	0.173569393
0	2	0.33031051	0.0155418	0.65414769
0	0	0.631134346	0.237179858	0.131685796
0	0	0.844395452	0.026060504	0.129544044
0	0	0.7845051	0.116857246	0.098637654
0	2	0.225591598	0.019552952	0.75485545
0	0	0.798875134	0.033185222	0.167939644
0	0	0.862023994	0.01458193	0.123394076
0	2	0.235390873	0.015827476	0.748781651
0	2	0.446032123	0.052273574	0.501694302
0	0	0.980007532	0.004129929	0.015862538
0	0	0.857486087	0.006479899	0.136034014
0	0	0.706976455	0.04306443	0.249959115
0	0	0.632320079	0.013007105	0.354672816
0	2	0.040761556	0.008119263	0.951119181
0	0	0.758431223	0.034541176	0.207027601
0	0	0.692767246	0.026390236	0.280842518
0	0	0.839160109	0.052127963	0.108711928
0	0	0.547796709	0.259797959	0.192405332
0	0	0.572940013	0.129331778	0.29772821
0	0	0.835007922	0.043525249	0.121466829
0	0	0.750132891	0.060809765	0.189057344
0	0	0.786101101	0.007938191	0.205960708
0	2	0.269002233	0.009795467	0.7212023
0	0	0.760171534	0.193842139	0.045986327
0	1	0.381303345	0.476132054	0.142564601
0	2	0.03714093	0.000854123	0.962004947
0	0	0.755624936	0.010790274	0.23358479
0	0	0.906587475	0.014187872	0.079224653
0	1	0.018135359	0.977368302	0.004496339
0	2	0.333242504	0.20875691	0.458000586
0	0	0.540674938	0.017939738	0.441385324
0	0	0.69543739	0.000619366	0.303943244
0	0	0.835360436	0.008216656	0.156422909
0	1	0.051153044	0.901555861	0.047291095
0	0	0.94522825	0.003047515	0.051724235
0	1	0.021058827	0.937315387	0.041625785
0	2	0.161443736	0.038840235	0.799716028
0	0	0.910692533	0.004904265	0.084403202
0	0	0.413259316	0.296597286	0.290143399
0	1	0.000500381	0.998359864	0.001139756
0	0	0.626546843	0.259621173	0.113831984
0	2	0.38950664	0.051587578	0.558905782
0	0	0.678947218	0.003246065	0.317806717
0	2	0.463321438	0.039861903	0.496816659
0	0	0.730454343	0.063444577	0.20610108
0	2	0.383381331	0.139230403	0.477388266
0	0	0.751552619	0.005184852	0.243262529
0	0	0.615573221	0.099778617	0.284648162
0	1	0.181744827	0.686978953	0.13127622
0	2	0.247079493	0.073656332	0.679264175
0	0	0.833212602	0.000321772	0.166465625
0	2	0.223583809	0.136276557	0.640139633
0	0	0.671106769	0.02358305	0.30531018
0	1	0.382035111	0.417845823	0.200119066
0	0	0.78691126	0.021353496	0.191735244
0	2	0.174194191	0.018202714	0.807603095
0	0	0.974097565	0.00033009	0.025572344
0	2	0.256470507	0.018208958	0.725320535
0	0	0.773801836	0.058692727	0.167505438
0	1	0.078374295	0.910137786	0.011487919
0	1	0.113429406	0.803101147	0.083469448
0	2	0.450511204	0.005089517	0.544399279
0	0	0.62483905	0.339201422	0.035959528
0	0	0.836774935	0.017465983	0.145759083
0	0	0.878833625	0.000853505	0.12031287
0	1	0.048928129	0.74751357	0.203558302
0	2	0.207969658	0.331355624	0.460674718
0	0	0.912298201	0.019799702	0.067902097
0	0	0.624030364	0.247794315	0.128175322
0	0	0.987704784	0.000514265	0.01178095
0	2	0.347956215	0.000739691	0.651304095
0	2	0.407674014	0.026963062	0.565362924
0	0	0.911110295	0.002353407	0.086536298
0	0	0.749260247	0.095668241	0.155071513
0	0	0.794255067	0.011502963	0.19424197
0	2	0.243650272	0.006154195	0.750195534
0	0	0.658398515	0.015009906	0.326591578
0	0	0.984852168	0.012039484	0.003108348
0	2	0.128745103	0.141335218	0.72991968
0	0	0.727004541	0.007065563	0.265929896
0	0	0.73851006	0.066190353	0.195299587
0	2	0.251032991	0.003743363	0.745223646
0	0	0.740708975	0.00333445	0.255956575
0	0	0.677629582	0.228172244	0.094198174
0	2	0.197321338	0.047666725	0.755011937
0	1	0.279407566	0.591210142	0.129382292
0	1	0.232505436	0.700933911	0.066560653
0	0	0.814065525	0.057843487	0.128090989
0	0	0.851433916	0.101974409	0.046591675
0	0	0.485048587	0.092679663	0.42227175
0	2	0.209331619	0.13659491	0.654073471
0	2	0.418009193	0.08686919	0.495121617
0	2	0.337041612	0.139631443	0.523326945
0	0	0.713023087	0.22385842	0.063118493
0	0	0.933537413	0.009375323	0.057087264
0	0	0.591458708	0.005317439	0.403223852
0	0	0.65349546	0.226679151	0.119825388
0	2	0.115173152	0.005781347	0.879045502
0	1	0.049126594	0.910688137	0.04018527
0	1	0.329283507	0.413525467	0.257191026
0	1	0.151908567	0.717002128	0.131089305
0	0	0.786631839	0.017574699	0.195793462
0	1	0.132791037	0.511156979	0.356051984
0	0	0.841472761	0.016153773	0.142373466
0	2	0.107342631	0.40058496	0.492072409
0	0	0.817849912	0.004684124	0.177465964
0	0	0.891639282	0.001848291	0.106512426
0	2	0.247909138	0.178531008	0.573559855
0	0	0.986800868	0.003984725	0.009214407
0	0	0.496595556	0.095686376	0.407718068
0	0	0.52583607	0.200174505	0.273989425
0	1	0.081053395	0.769474747	0.149471858
0	0	0.954483813	0.022745576	0.02277061
0	2	0.44069285	0.0251724	0.53413475
0	0	0.636505381	0.027063687	0.336430932
0	1	0.117592912	0.868118963	0.014288125
0	0	0.72052653	0.231708991	0.047764479
0	2	0.258753219	0.022093309	0.719153472
0	2	0.302738967	0.042630542	0.654630491
0	0	0.586139458	0.019187475	0.394673067
0	2	0.346670991	0.036077744	0.617251265
0	0	0.55956692	0.285705948	0.154727132
0	0	0.886315993	0.00182116	0.111862847
0	2	0.019928434	0.083617058	0.896454508
0	2	0.434084581	0.002769147	0.563146272
0	0	0.66309393	0.065852451	0.271053618
0	0	0.88522536	0.017392555	0.097382085
0	2	0.03757817	0.012743525	0.949678305
0	0	0.434189189	0.201619117	0.364191693
0	1	0.373803703	0.446272969	0.179923328
0	1	0.370437296	0.536777778	0.092784926
0	1	0.431392657	0.444130622	0.12447672
0	2	0.17948515	0.011196402	0.809318449
0	0	0.966157949	0.001527187	0.032314865
0	2	0.189507566	0.165377204	0.645115229
0	1	0.163459136	0.788287622	0.048253242
0	0	0.976602603	0.001836533	0.021560864
0	0	0.447396545	0.223574642	0.329028814
0	0	0.868997937	0.004982047	0.126020016
0	2	0.186365275	0.11585143	0.697783296
0	2	0.034647258	0.019848304	0.945504438
0	2	0.099921789	0.055795196	0.844283016
0	0	0.623336897	0.267571585	0.109091517
0	0	0.942388738	0.002430308	0.055180954
0	2	0.228772657	0.018254813	0.75297253
0	1	0.289715387	0.549494638	0.160789976
0	2	0.336700543	0.094291773	0.569007684
0	0	0.564529976	0.18388186	0.251588165
0	1	0.123423488	0.655187489	0.221389023
0	2	0.235751064	0.049253303	0.714995633
0	2	0.198663909	0.124712925	0.676623167
0	0	0.744257112	0.154483386	0.101259503
0	0	0.798224756	0.11399906	0.087776184
0	2	0.331628725	0.24501417	0.423357106
0	2	0.366594704	0.027540479	0.605864817
0	0	0.932624336	0.004754552	0.062621112
0	1	0.110143091	0.810442459	0.07941445
0	2	0.292109525	0.033149539	0.674740936
0	1	0.009527127	0.961546803	0.028926069
0	0	0.42814653	0.14660846	0.42524501
0	0	0.517260812	0.01301428	0.469724907
0	0	0.942306881	0.000213468	0.057479651
0	2	0.113257839	0.001760446	0.884981715
0	0	0.511025471	0.05796964	0.431004889
0	1	0.172423144	0.727818422	0.099758433
0	0	0.464449258	0.308663693	0.226887049
0	0	0.646091873	0.020508547	0.33339958
0	0	0.762028474	0.100875181	0.137096344
0	0	0.794762159	0.034821775	0.170416067
0	0	0.60905693	0.032950675	0.357992395
0	0	0.575588211	0.222870858	0.201540931
0	0	0.368437858	0.33141523	0.300146912
0	1	0.265571477	0.71392936	0.020499162
0	0	0.703806259	0.024356606	0.271837135
0	0	0.744485252	0.01040819	0.245106557
0	1	0.311956436	0.404868997	0.283174567
0	0	0.951875365	0.03539371	0.012730925
0	2	0.040357705	0.077121518	0.882520777
0	0	0.8268686	0.000450429	0.172680971
0	0	0.592469453	0.273307987	0.13422256
0	0	0.774813006	0.009975397	0.215211597
0	0	0.40439237	0.215031735	0.380575895
0	2	0.281549606	0.156727504	0.561722891
0	2	0.331384748	0.078876243	0.589739009
0	2	0.321255286	0.128899895	0.549844819
0	1	0.012523651	0.975567058	0.011909292
0	0	0.763378122	0.012059509	0.224562369
0	2	0.186179019	0.325677842	0.488143138
0	0	0.601948933	0.091411621	0.306639446
0	2	0.382765439	0.004260653	0.612973908
0	0	0.480745293	0.087508645	0.431746061
0	2	0.460357153	0.065976763	0.473666084
0	1	0.108343275	0.881922922	0.009733803
0	0	0.675915514	0.226573204	0.097511282
0	1	0.099600572	0.833695229	0.066704199
0	0	0.960975982	0.003562453	0.035461564
0	0	0.574110002	0.209101759	0.216788239
0	0	0.643273315	0.01504837	0.341678315
0	1	0.052063224	0.915672557	0.032264219
0	0	0.918424194	0.022165995	0.05940981
0	2	0.309363139	0.04436788	0.64626898
0	0	0.613565812	0.035328413	0.351105775
0	0	0.764697722	0.045253527	0.190048751
0	1	0.00890412	0.979766333	0.011329547
0	1	0.1993649	0.729410603	0.071224497
0	0	0.646498256	0.010076142	0.343425602
0	0	0.604494788	0.102821353	0.292683859
0	0	0.543416092	0.22600911	0.230574797
0	0	0.635230902	0.189102379	0.175666719
0	0	0.771202512	0.039399416	0.189398072
0	0	0.665747667	0.00259221	0.331660123
0	0	0.687154716	0.046855082	0.265990202
0	0	0.995759112	0.00080421	0.003436678
0	0	0.889693903	0.013280243	0.097025854
0	2	0.20515929	0.065758353	0.729082358
0	2	0.387224899	0.032149782	0.580625319
0	0	0.96463572	0.000684717	0.034679563
0	0	0.726638629	0.023743986	0.249617384
0	0	0.731356276	0.041450532	0.227193192
0	0	0.547619434	0.297728079	0.154652487
0	0	0.590550275	0.07039729	0.339052435
0	0	0.508074829	0.125377444	0.366547727
0	2	0.247189111	0.017602724	0.735208165
0	1	0.153905529	0.818062688	0.028031783
0	2	0.386951367	0.116093862	0.496954771
0	2	0.399901102	0.06646113	0.533637768
0	1	0.013056498	0.933448623	0.053494879
1	2	0.130730081	0.045958313	0.823311605
1	1	0.03194903	0.843147422	0.124903548
1	1	0.056432037	0.88027735	0.063290613
0	1	0.388229693	0.439218563	0.172551744
1	1	0.004648385	0.980065884	0.015285731
1	1	0.067408105	0.855910028	0.076681867
0	2	0.209582229	0.000667989	0.789749782
0	0	0.782921071	0.001391152	0.215687778
0	0	0.842364982	0.000357262	0.157277756
0	0	0.666053885	0.121397535	0.21254858
1	0	0.974219826	0.008514214	0.017265961
1	1	0.461216099	0.466877399	0.071906502
0	0	0.688823983	0.152671075	0.158504942
0	0	0.64345168	0.232862217	0.123686104
1	2	0.290042426	0.009364512	0.700593062
1	1	0.042978347	0.482362755	0.474658897
0	0	0.752645559	0.000994311	0.246360131
0	0	0.561867418	0.099719965	0.338412617
1	1	0.26517813	0.660767335	0.074054536
0	2	0.353741159	0.048572885	0.597685955
0	0	0.996027363	8.15662E-06	0.00396448
1	0	0.494402454	0.185332196	0.32026535
0	0	0.969607802	0.003141158	0.027251039
0	0	0.957539307	0.000636842	0.041823851
0	0	0.970568209	0.009574293	0.019857498
1	1	0.124190386	0.766562135	0.109247479
0	0	0.895516266	0.001990131	0.102493603
1	1	0.096909533	0.656142439	0.246948027
1	1	0.090721712	0.769773808	0.13950448
1	2	0.218515024	0.025550446	0.75593453
0	0	0.610099337	0.154798116	0.235102547
0	0	0.764479269	0.005609126	0.229911605
0	0	0.910853432	0.004398581	0.084747987
1	1	0.046102539	0.805503887	0.148393574
0	1	0.104873393	0.873889418	0.021237189
1	1	0.027642402	0.942891191	0.029466408
0	0	0.962159686	0.006312176	0.031528138
0	2	0.341206716	0.027804239	0.630989044
0	0	0.861322195	0.048699494	0.08997831
1	1	0.065303427	0.528659479	0.406037093
1	1	0.250410055	0.445902267	0.303687677
0	1	0.263165942	0.649163617	0.087670441
0	1	0.207187214	0.564772388	0.228040398
1	1	0.083569161	0.905941341	0.010489498
0	1	0.047691758	0.924135396	0.028172846
1	1	0.117745989	0.858107747	0.024146264
0	0	0.9301644	0.002225232	0.067610368
0	0	0.940014647	0.004267787	0.055717566
0	0	0.885560283	0.000163265	0.114276452
1	0	0.654371945	0.278989993	0.066638062
0	0	0.45308859	0.39539595	0.15151546
0	0	0.827115691	0.101559474	0.071324835
1	0	0.48808565	0.487256609	0.024657741
1	1	0.11058757	0.815586672	0.073825758
1	1	0.028852255	0.951070478	0.020077267
0	0	0.883065285	0.031093511	0.085841205
0	1	0.023143439	0.966625674	0.010230887
0	1	0.187942276	0.760544689	0.051513035
0	0	0.487435255	0.2908354	0.221729345
0	0	0.551127993	0.14078967	0.308082337
1	1	0.171467784	0.704716364	0.123815852
1	1	0.01173727	0.970070962	0.018191769
1	1	0.028204855	0.953456802	0.018338343
1	1	0.056009599	0.92115018	0.022840222
1	1	0.029779164	0.927886058	0.042334779
1	1	0.028002719	0.907598055	0.064399226
0	2	0.261762575	0.008680142	0.729557283
0	2	0.148141036	0.003108887	0.848750077
0	0	0.900157143	0.01121295	0.088629907
1	1	0.353193843	0.62823672	0.018569437
1	1	0.373145387	0.587201553	0.03965306
1	1	0.01080341	0.972297466	0.016899124
1	1	0.019600436	0.900501485	0.079898079
0	2	0.374085221	0.001144747	0.624770032
1	1	0.065578478	0.846446973	0.087974549
1	1	0.006243327	0.978101314	0.015655359
1	1	0.000396106	0.998074261	0.001529633
0	0	0.793318536	0.045468729	0.161212735
1	1	0.21196665	0.654275784	0.133757566
0	0	0.553036078	0.082683762	0.364280159
0	0	0.90465103	0.016095653	0.079253317
1	1	0.001141049	0.997396303	0.001462648
1	1	0.043702777	0.870016031	0.086281192
1	2	0.004083316	0.272410297	0.723506387
0	2	0.135645427	0.010343355	0.854011217
0	0	0.848864156	0.024070792	0.127065051
1	0	0.494004575	0.101012551	0.404982874
0	0	0.480047957	0.052925539	0.467026504
1	1	0.312270943	0.453670525	0.234058532
0	0	0.728886378	0.046289625	0.224823997
0	1	0.125149444	0.786905824	0.087944732
1	2	0.00884007	0.134625228	0.856534701
1	1	0.377812066	0.437771415	0.184416519
0	0	0.764685275	0.158263971	0.077050754
1	0	0.537919088	0.248864396	0.213216516
0	1	0.103021464	0.861726004	0.035252532
1	2	0.12618525	0.024651828	0.849162922
0	0	0.739113348	0.145918944	0.114967708
0	1	0.088527542	0.831152854	0.080319603
0	2	0.440256435	0.053125517	0.506618048
1	2	0.289718448	0.121232427	0.589049125
1	1	0.19531791	0.557202395	0.247479695
0	0	0.83805554	0.134059586	0.027884874
0	0	0.799033963	0.00734488	0.193621157
0	2	0.35364474	0.150594809	0.495760451
1	1	0.069719895	0.738473863	0.191806243
0	1	0.162642542	0.698374016	0.138983441
0	2	0.352355747	0.052775196	0.594869057
0	1	0.397333478	0.49249087	0.110175651
0	0	0.978491568	0.001224842	0.02028359
0	2	0.40526032	0.046545467	0.548194212
0	0	0.931331504	0.041579834	0.027088663
0	0	0.984917212	0.001317397	0.013765392
0	1	0.323388139	0.577756946	0.098854915
1	0	0.661619662	0.021066642	0.317313696
0	2	0.463648339	0.041713565	0.494638096
0	0	0.901670343	0.001015061	0.097314595
0	1	0.078318665	0.698745062	0.222936273
0	0	0.900965622	0.000178096	0.098856282
1	1	0.155864169	0.6190493	0.225086532
0	0	0.772964533	0.000990677	0.22604479
0	2	0.261547341	0.050709603	0.687743056
1	2	0.305380067	0.187140023	0.50747991
0	0	0.765532184	0.15810688	0.076360936
0	1	0.265197034	0.429479098	0.305323868
0	0	0.98316985	0.013894345	0.002935806
0	1	0.303000817	0.640747525	0.056251657
0	0	0.508475139	0.026348631	0.46517623
0	2	0.259496026	0.278283781	0.462220194
1	0	0.602808261	0.197255368	0.199936371
0	0	0.805572818	0.002646277	0.191780905
0	0	0.553102535	0.001332349	0.445565116
1	1	0.09695505	0.58175388	0.32129107
1	1	0.390261024	0.562457631	0.047281344
1	1	0.273048311	0.42464297	0.302308719
1	1	0.207169428	0.592906641	0.199923931
1	1	0.222395593	0.703915096	0.07368931
1	0	0.613496992	0.066325561	0.320177446
0	0	0.73894696	0.143929867	0.117123173
1	1	0.004784733	0.985185772	0.010029495
0	0	0.738345803	0.13012718	0.131527017
0	2	0.397192186	0.100295443	0.502512371
0	0	0.558465493	0.112786069	0.328748438
0	0	0.752384435	0.025311211	0.222304355
0	2	0.27581194	0.005721433	0.718466627
1	1	0.185473662	0.546706934	0.267819404
0	0	0.605706286	0.097037276	0.297256438
0	1	0.087002358	0.706861833	0.206135809
1	0	0.547674554	0.213894143	0.238431303
1	2	0.234465194	0.32727708	0.438257726
0	1	0.28122928	0.54646501	0.17230571
1	1	0.099589591	0.861398863	0.039011546
0	2	0.054068294	0.016430641	0.929501065
0	0	0.976728386	0.00063636	0.022635254
1	2	0.093038262	0.072646908	0.83431483
0	0	0.749755908	0.193862219	0.056381873
1	0	0.728268472	0.165037012	0.106694516
1	2	0.045518488	0.029551029	0.924930482
1	1	0.011572714	0.96463527	0.023792016
1	1	0.015026259	0.926023173	0.058950568
0	0	0.663140314	0.017414211	0.319445475
0	2	0.294280354	0.178597183	0.527122462
1	0	0.559770407	0.378693326	0.061536267
1	0	0.576811098	0.249838529	0.173350373
1	1	0.051990577	0.857535425	0.090473998
1	1	0.281082155	0.470665191	0.248252654
0	0	0.904226955	0.004278405	0.091494639
1	1	0.018881964	0.95232576	0.028792276
1	1	0.076394705	0.861102368	0.062502927
1	1	0.094508898	0.702534132	0.20295697
1	1	0.048148216	0.85927077	0.092581014
1	0	0.59589114	0.374113041	0.029995819
0	0	0.976214534	0.002174899	0.021610566
1	1	0.185136053	0.560086355	0.254777592
1	1	0.01067716	0.966428106	0.022894734
1	1	0.009704146	0.97774921	0.012546644
1	1	0.133607795	0.85167807	0.014714135
0	2	0.339039596	0.269917648	0.391042756
1	1	0.00981185	0.988008007	0.002180144
1	1	0.046560543	0.834934657	0.1185048
1	1	0.132908579	0.720439555	0.146651866
1	2	0.292926072	0.33839717	0.368676758
0	0	0.811040003	0.017162339	0.171797658
1	0	0.516458798	0.088260751	0.395280451
1	1	0.329502597	0.618986977	0.051510426
0	0	0.955364286	0.001368606	0.043267108
1	2	0.059858866	0.209450944	0.73069019
0	0	0.560834598	0.112993018	0.326172384
1	1	0.011043491	0.969171169	0.01978534
0	2	0.239569054	0.169888391	0.590542555
1	2	0.462009648	0.073757728	0.464232625
1	0	0.474037465	0.449882464	0.076080071
1	1	0.331207064	0.563205039	0.105587897
0	1	0.134155812	0.592945151	0.272899037
0	2	0.060139653	0.005680103	0.934180244
1	1	0.03940918	0.917267166	0.043323654
0	0	0.656385549	0.003647523	0.339966928
0	0	0.979946803	0.00024099	0.019812207
1	1	0.006919701	0.985720206	0.007360093
1	1	0.387040388	0.573655504	0.039304108
0	2	0.278019891	0.08477432	0.637205789
1	2	0.248141168	0.054222601	0.697636232
1	1	0.186333513	0.725048208	0.088618279
1	1	0.007339525	0.95764206	0.035018415
0	2	0.280067297	0.122686206	0.597246497
1	0	0.546828667	0.199703852	0.25346748
1	1	0.384021773	0.441465225	0.174513002
1	1	0.295231179	0.69018433	0.014584491
1	1	0.007577003	0.983500126	0.008922871
0	0	0.660828365	0.040096704	0.299074931
0	1	0.197287713	0.702652975	0.100059312
0	0	0.494182036	0.130113083	0.375704881
0	1	0.341598221	0.603131503	0.055270276
0	0	0.84222527	0.003096423	0.154678307
1	0	0.57184541	0.013780695	0.414373895
1	1	0.061711987	0.745964638	0.192323374
0	0	0.394902882	0.313042782	0.292054336
1	1	0.324818898	0.405681265	0.269499838
1	1	0.375103795	0.49715546	0.127740744
0	2	0.447063378	0.000300172	0.55263645
0	0	0.781262178	0.059211204	0.159526617
0	0	0.607322709	0.208838306	0.183838985
2	1	0.034007075	0.823916006	0.142076919
1	0	0.493121403	0.015480101	0.491398495
2	2	0.178833393	0.169551143	0.651615464
1	1	0.03308285	0.90281262	0.064104529
0	0	0.611553294	0.118640997	0.269805709
2	2	0.254647668	0.002363588	0.742988744
0	0	0.896849714	0.050840247	0.052310039
2	2	0.072975936	0.136473403	0.790550661
0	2	0.452514069	0.080303954	0.467181977
0	0	0.37499951	0.370748791	0.254251699
0	0	0.958415918	0.000632852	0.04095123
0	0	0.545235572	0.070043603	0.384720826
0	0	0.835171234	0.003549607	0.16127916
1	1	0.007870226	0.979641543	0.012488232
0	0	0.488333969	0.089837235	0.421828796
0	0	0.722164502	0.050630439	0.227205059
2	2	0.21752918	0.120690933	0.661779887
1	1	0.33583792	0.660058628	0.004103452
1	1	0.017888436	0.956187945	0.025923619
2	1	0.034010159	0.931558773	0.034431068
1	1	0.027441567	0.941673794	0.030884638
1	1	0.218060779	0.733680632	0.048258589
1	2	0.08866083	0.153994701	0.757344468
1	2	0.246328682	0.047634951	0.706036368
2	2	0.174129751	0.407402125	0.418468124
0	2	0.384540382	0.030671958	0.58478766
0	0	0.739234095	0.098989585	0.16177632
0	1	0.276630526	0.456360366	0.267009109
1	1	0.103723936	0.503424078	0.392851985
1	2	0.245106523	0.310285519	0.444607959
0	0	0.856993509	0.020479622	0.122526869
1	1	0.028194629	0.909351297	0.062454075
1	1	0.085453207	0.699712083	0.21483471
1	1	0.119757982	0.772840654	0.107401365
0	0	0.959027513	0.001915579	0.039056908
1	1	0.005812086	0.982243789	0.011944125
0	0	0.714754768	0.191184609	0.094060623
1	1	0.086467262	0.887994781	0.025537957
2	2	0.004978158	0.328441926	0.666579916
1	1	0.100142887	0.819257163	0.08059995
1	2	0.15502479	0.088790978	0.756184232
0	0	0.913118982	0.047653982	0.039227036
0	0	0.756550052	0.22591723	0.017532717
0	2	0.218001783	0.038621273	0.743376944
1	1	0.047721834	0.920474262	0.031803904
2	2	0.128065327	0.156607159	0.715327514
0	0	0.471751536	0.066669824	0.46157864
2	1	0.011966917	0.573378448	0.414654634
1	1	0.12368555	0.76108303	0.11523142
1	1	0.0362603	0.879385595	0.084354105
0	1	0.019122621	0.962632728	0.018244651
1	1	0.042269347	0.872848644	0.084882009
0	0	0.856848618	0.040958578	0.102192804
1	0	0.370461691	0.334604769	0.29493354
0	0	0.871646207	0.028462391	0.099891402
1	1	0.048220188	0.874697197	0.077082615
0	0	0.694241673	0.206896803	0.098861525
0	0	0.817714285	0.1583825	0.023903216
0	0	0.634511235	0.005470418	0.360018347
1	1	0.058923427	0.91108733	0.029989243
2	2	0.046646104	0.179108079	0.774245817
1	1	0.05496057	0.859641999	0.085397431
2	0	0.726580307	0.019872741	0.253546951
0	0	0.811211602	0.00846914	0.180319258
2	2	0.174940131	0.244702652	0.580357218
0	1	0.177221595	0.754157248	0.068621157
1	1	0.094322128	0.501556275	0.404121597
1	1	0.201378485	0.705697126	0.092924389
1	2	0.061105002	0.196565112	0.742329886
0	0	0.338015072	0.32619341	0.335791518
2	0	0.583960681	0.006949944	0.409089375
0	0	0.492807512	0.033566168	0.47362632
0	2	0.145181858	0.328615098	0.526203043
1	1	0.082944778	0.901243128	0.015812094
0	0	0.428938542	0.22558875	0.345472709
0	0	0.494671159	0.08362924	0.421699602
1	2	0.24008511	0.209598435	0.550316455
1	1	0.129409801	0.610381468	0.260208731
2	2	0.395635399	0.121375989	0.482988612
2	0	0.884630978	0.005776342	0.10959268
0	1	0.008037075	0.989960687	0.002002237
1	1	0.01028318	0.98074212	0.0089747
1	1	0.025264363	0.965257433	0.009478204
1	2	0.327968508	0.228655748	0.443375744
0	1	0.132491248	0.769327372	0.098181381
0	2	0.24400902	0.116734858	0.639256122
1	2	0.127356494	0.267545647	0.605097859
2	2	0.203416347	0.055321125	0.741262527
2	2	0.115047466	0.149971428	0.734981106
0	2	0.384438186	0.04707222	0.568489595
1	0	0.848928368	0.073315703	0.077755929
1	0	0.598405413	0.076482998	0.325111588
0	0	0.864478739	0.006828648	0.128692612
0	2	0.045881338	0.024979574	0.929139089
2	2	0.203989667	0.00162445	0.794385883
0	0	0.625774127	0.024975354	0.34925052
1	1	0.041222331	0.894334732	0.064442936
2	0	0.78092365	0.062400756	0.156675594
1	1	0.238925961	0.581990263	0.179083776
0	2	0.403158463	0.010542658	0.586298879
1	1	0.144923514	0.650997703	0.204078784
1	0	0.366047529	0.295439237	0.338513234
0	0	0.65051926	0.143275723	0.206205018
2	2	0.032206244	0.047529965	0.92026379
2	2	0.185133208	0.027593372	0.78727342
1	1	0.088212213	0.668572886	0.243214901
2	2	0.312878855	0.114504723	0.572616422
2	2	0.027911043	0.008251726	0.96383723
0	0	0.8117599	0.012763692	0.175476408
2	1	0.20383793	0.51699087	0.2791712
0	2	0.214539378	0.041124058	0.744336564
2	0	0.67538502	0.005234561	0.319380419
0	0	0.568647212	0.106373898	0.32497889
0	0	0.808987026	0.002138453	0.18887452
0	0	0.814505732	0.119998767	0.065495502
0	0	0.957285748	0.008271385	0.034442867
0	0	0.652118532	0.252781718	0.09509975
1	2	0.489787514	0.003587199	0.506625287
2	2	0.076339266	0.271045696	0.652615038
1	1	0.19630533	0.484477628	0.319217042
1	1	0.214740428	0.591303833	0.193955739
1	0	0.662638773	0.093272937	0.24408829
0	0	0.682582108	0.022887315	0.294530577
0	0	0.892200889	0.049778906	0.058020205
2	1	0.089541212	0.537376509	0.373082279
1	1	0.112515874	0.834885272	0.052598853
0	0	0.626139739	0.090937601	0.282922659
2	2	0.216191612	0.25645805	0.527350338
1	1	0.016492838	0.951392064	0.032115097
0	2	0.358118511	0.026548254	0.615333236
1	2	0.031935087	0.414928128	0.553136784
0	1	0.191181633	0.726126278	0.082692089
0	0	0.510368492	0.372237837	0.117393671
0	1	0.413373604	0.425409313	0.161217082
2	2	0.081661747	0.258109956	0.660228297
0	1	0.100677144	0.740272827	0.159050029
1	1	0.179314317	0.599646447	0.221039236
0	0	0.930500613	0.012037451	0.057461935
1	0	0.758543531	0.072777016	0.168679453
1	2	0.219939473	0.241471725	0.538588801
2	0	0.595328666	0.062191208	0.342480127
1	2	0.050862541	0.408187535	0.540949924
1	0	0.526832346	0.383439699	0.089727955
0	0	0.860600042	0.108411034	0.030988925
2	2	0.102666257	0.247196485	0.650137258
1	0	0.469451303	0.355727352	0.174821346
1	0	0.519568719	0.085267987	0.395163294
0	1	0.290449161	0.540950921	0.168599918
2	1	0.126989701	0.609601818	0.263408481
1	2	0.171107303	0.047020838	0.781871859
0	0	0.912986634	0.048275358	0.038738008
1	2	0.222931146	0.124469781	0.652599073
1	1	0.100533531	0.671820579	0.22764589
0	1	0.052595424	0.910805275	0.0365993
1	1	0.144504667	0.778533332	0.076962001
2	2	0.169213751	0.214468465	0.616317784
1	1	0.024426997	0.821628996	0.153944008
1	1	0.001266104	0.992318861	0.006415035
2	1	0.222195934	0.518043689	0.259760377
1	0	0.36614919	0.352038616	0.281812195
2	2	0.215083532	0.391398599	0.393517868
0	0	0.755021759	0.043204583	0.201773659
0	0	0.623521296	0.011629941	0.364848763
1	1	0.045053053	0.828851295	0.126095652
1	2	0.157217091	0.293162655	0.549620254
0	1	0.177792053	0.791487925	0.030720022
2	1	0.002278485	0.98093945	0.016782065
2	2	0.088924271	0.133885522	0.777190208
2	0	0.529750797	0.017287898	0.452961305
1	1	0.137422467	0.776859787	0.085717746
1	1	0.123775765	0.864863404	0.011360831
0	2	0.198816484	0.077624431	0.723559085
1	1	0.201518643	0.680740992	0.117740364
1	2	0.245726969	0.287556982	0.466716048
2	2	0.148050885	0.290311949	0.561637167
2	0	0.370560164	0.311069331	0.318370506
0	0	0.749959004	0.001373028	0.248667968
0	0	0.504493341	0.300261764	0.195244895
1	1	0.116923641	0.816495237	0.066581122
2	0	0.747830282	0.05890206	0.193267658
2	2	0.228375869	0.009284003	0.762340128
2	0	0.687279214	0.032370277	0.280350508
2	2	0.194131057	0.232440315	0.573428629
2	1	0.007888466	0.678986786	0.313124748
1	2	0.406753481	0.126116654	0.467129865
0	2	0.404757938	0.022698281	0.572543781
1	1	0.148133828	0.498955098	0.352911073
0	0	0.854425567	0.033627003	0.111947431
0	1	0.195289717	0.744032102	0.060678181
1	1	0.067661139	0.737238908	0.195099952
0	1	0.303000817	0.640747525	0.056251657
0	2	0.250579539	0.114959098	0.634461363
1	1	0.429328509	0.512306142	0.058365349
2	2	0.044352777	0.095266223	0.860381001
0	0	0.790040088	0.030152978	0.179806934
1	2	0.268013535	0.219365104	0.512621361
2	1	0.166517124	0.752121704	0.081361172
1	1	0.007553284	0.631553375	0.360893341
1	2	0.214704856	0.018849084	0.76644606
0	2	0.398047381	0.001927784	0.600024835
0	0	0.748163774	0.011600195	0.240236031
0	0	0.973859404	0.011210681	0.014929915
0	2	0.107733491	0.019681134	0.872585375
2	2	0.077742929	0.049630601	0.872626471
2	0	0.798526093	0.052961628	0.148512279
0	0	0.507238265	0.377352908	0.115408827
0	2	0.300479322	0.136521067	0.562999612
1	1	0.247412734	0.698236542	0.054350724
1	2	0.204379297	0.113792608	0.681828095
2	1	0.051879902	0.884065778	0.06405432
1	1	0.010054838	0.976382047	0.013563115
1	2	0.288966056	0.043220254	0.66781369
1	2	0.015242379	0.404147398	0.580610223
1	1	0.096652588	0.822479025	0.080868387
1	2	0.247540073	0.088532745	0.663927183
1	0	0.842756539	0.038320236	0.118923225
0	1	0.119695112	0.718846448	0.16145844
1	1	0.089273888	0.730266133	0.18045998
1	1	0.1444508	0.744891797	0.110657403
1	1	0.029802762	0.962757014	0.007440225
1	1	0.193351045	0.465265133	0.341383822
1	1	0.038440187	0.791320795	0.170239019
1	0	0.790763606	0.075883485	0.133352909
0	0	0.829488778	0.029038124	0.141473098
2	1	0.332390709	0.355388341	0.31222095
0	1	0.082348974	0.846885922	0.070765104
0	0	0.858456651	0.005246369	0.13629698
1	1	0.005641723	0.977686963	0.016671314
0	0	0.605892	0.001857073	0.392250926
0	0	0.8850329	0.015340936	0.099626164
1	0	0.727584485	0.215342573	0.057072941
2	2	0.085284074	0.286686055	0.628029871
1	0	0.692437713	0.160696628	0.14686566
2	0	0.717439016	0.050038262	0.232522722
1	1	0.292487457	0.414644606	0.292867937
1	0	0.493121403	0.015480101	0.491398495
1	1	0.031326121	0.947334539	0.021339339
0	0	0.58707362	0.022417687	0.390508693
2	1	0.025506805	0.683922968	0.290570227
2	2	0.20516149	0.069602287	0.725236223
0	0	0.377476491	0.3135028	0.309020708
1	2	0.08382436	0.112316823	0.803858817
2	2	0.194277717	0.341070317	0.464651966
0	0	0.930984	0.007337088	0.061678912
2	0	0.838995013	0.000984034	0.160020953
2	2	0.269433424	0.105585529	0.624981047
1	1	0.065093966	0.9030084	0.031897635
1	1	0.024775196	0.955985736	0.019239068
2	2	0.209497895	0.038218271	0.752283834
1	1	0.262139512	0.65006792	0.087792568
2	2	0.060852736	0.044743974	0.89440329
1	1	0.110239597	0.853679773	0.03608063
1	1	0.012235601	0.920438174	0.067326225
0	0	0.39580094	0.299229671	0.304969389
2	1	0.015736863	0.927419409	0.056843729
0	2	0.397850707	0.00314017	0.599009123
2	1	0.404525225	0.424585796	0.170888978
1	2	0.17220691	0.055706493	0.772086597
1	2	0.351728635	0.241618481	0.406652884
1	1	0.008038182	0.863939708	0.12802211
2	2	0.098137176	0.011377825	0.890484999
1	1	0.003922653	0.978350714	0.017726633
1	1	0.030817445	0.946982807	0.022199748
1	1	0.139323208	0.792820205	0.067856587
0	0	0.90633947	0.01288178	0.080778749
1	0	0.439741048	0.303744238	0.256514714
1	1	0.039062759	0.939896311	0.021040929
0	0	0.923877748	0.009656968	0.066465283
1	1	0.084528713	0.796391795	0.119079492
0	0	0.622850809	0.194456214	0.182692976
0	0	0.956079895	0.015135477	0.028784628
1	1	0.109487	0.861268082	0.029244918
1	0	0.499917945	0.32164356	0.178438495
0	0	0.945178845	0.047773647	0.007047509
2	0	0.895127716	0.024524348	0.080347936
2	0	0.67109414	0.009644709	0.319261152
2	2	0.112827468	0.016853525	0.870319007
0	1	0.050711318	0.932388082	0.0169006
1	1	0.225983301	0.592624577	0.181392122
2	2	0.043569715	0.074721084	0.881709201
2	1	0.090748491	0.799744139	0.10950737
1	1	0.107320753	0.645497955	0.247181292
1	1	0.140450034	0.723971332	0.135578634
0	2	0.015297235	0.004683624	0.980019141
1	1	0.066632984	0.876642885	0.056724131
0	0	0.932537325	0.001643633	0.065819041
2	1	0.230762864	0.408376939	0.360860197
1	1	0.059340443	0.861513807	0.079145749
2	2	0.141835037	0.387867842	0.470297121
0	0	0.764795456	0.036064479	0.199140065
0	0	0.794987624	0.059998919	0.145013457
1	0	0.59866743	0.131066684	0.270265885
1	1	0.021430224	0.958147991	0.020421785
2	2	0.077783101	0.341696936	0.580519964
2	2	0.253556476	0.02259179	0.723851734
1	1	0.012754277	0.933057335	0.054188388
2	0	0.380846879	0.246854082	0.372299039
1	2	0.295741276	0.314594656	0.389664068
0	2	0.423544906	0.037862438	0.538592656
2	2	0.184039959	0.062818707	0.753141334
2	0	0.532451389	0.349181417	0.118367194
0	1	0.200264399	0.515603722	0.284131878
1	1	0.017869875	0.897413123	0.084717002
1	1	0.112869243	0.628182047	0.258948709
0	1	0.005637871	0.990892989	0.003469139
1	1	0.188199371	0.739668332	0.072132297
2	2	0.285316076	0.271184012	0.443499912
1	1	0.146068579	0.724133833	0.129797589
0	0	0.864274651	0.044758913	0.090966436
2	2	0.014104878	0.003473354	0.982421768
1	1	0.203642969	0.663128183	0.133228848
1	1	0.053459717	0.758109939	0.188430344
2	1	0.045803446	0.890389782	0.063806772
1	1	0.016659321	0.943663749	0.03967693
1	0	0.694067724	0.247118886	0.058813389
2	0	0.857993351	0.025342843	0.116663807
1	1	0.456126782	0.4749791	0.068894118
0	1	0.001508328	0.997848472	0.000643201
1	1	0.040488626	0.940697001	0.018814373
1	1	0.007847187	0.980002498	0.012150315
2	0	0.383878314	0.273260516	0.34286117
2	1	0.084846192	0.870127808	0.045026
1	1	0.059664687	0.645316142	0.295019171
1	1	0.086705967	0.669695211	0.243598822
0	0	0.833736553	0.000540488	0.165722958
1	1	0.28176311	0.585500293	0.132736596
2	2	0.078911496	0.042842342	0.878246162
1	1	0.06110486	0.896404178	0.042490962
2	1	0.131178601	0.4640349	0.404786499
0	1	0.240601651	0.689897244	0.069501106
1	1	0.064490497	0.850834715	0.084674787
1	2	0.086468096	0.187368172	0.726163732
0	0	0.877360151	0.002047291	0.120592558
2	2	0.324612843	0.113594288	0.561792869
1	2	0.082346136	0.270922157	0.646731707
2	2	0.357854125	0.170737183	0.471408693
1	1	0.102523117	0.82105353	0.076423352
0	0	0.899561863	0.004086169	0.096351969
0	0	0.46964845	0.120709211	0.409642339
1	0	0.647982849	0.075502384	0.276514767
0	0	0.544282019	0.376368053	0.079349927
1	1	0.083355536	0.87167359	0.044970874
0	2	0.36964799	0.177053363	0.453298647
0	0	0.683866149	0.026458096	0.289675755
1	0	0.551976088	0.062383744	0.385640168
1	0	0.47219213	0.272240525	0.255567345
1	1	0.336884743	0.401874907	0.26124035
0	0	0.825098609	0.081826643	0.093074747
1	1	0.024869855	0.932674647	0.042455498
2	1	0.196859565	0.531333883	0.271806552
1	1	0.045352162	0.880031623	0.074616215
1	2	0.321297268	0.011851646	0.666851086
1	1	0.028926152	0.916210467	0.054863381
2	1	0.019830739	0.955307443	0.024861818
1	1	0.018232642	0.957488316	0.024279042
1	1	0.209772553	0.707419514	0.082807933
0	0	0.933628723	0.02336359	0.043007686
1	1	0.369752615	0.600062715	0.03018467
2	0	0.760619968	0.039096535	0.200283497
2	2	0.078764605	0.040758472	0.880476923
0	1	0.420243093	0.427961542	0.151795366
2	1	0.10773253	0.83794426	0.05432321
1	1	0.016481461	0.939770963	0.043747575
1	1	0.003375126	0.984892726	0.011732148
1	1	0.30877232	0.540072925	0.151154755
0	0	0.947386425	0.032021484	0.020592091
0	0	0.561343582	0.087499507	0.351156911
1	0	0.534079617	0.084254748	0.381665635
0	0	0.987343316	0.0042568	0.008399883
1	1	0.109051319	0.630314301	0.260634381
0	2	0.360038288	0.056306522	0.58365519
1	1	0.157001546	0.460105426	0.382893028
2	0	0.642105128	0.057693934	0.300200937
1	0	0.732799631	0.069080487	0.198119882
0	1	0.283548052	0.365067258	0.35138469
1	0	0.559111229	0.332236954	0.108651817
0	0	0.67297026	0.05690033	0.27012941
2	0	0.842151889	0.106405832	0.051442279
0	2	0.156784091	0.159344678	0.683871231
1	2	0.154138712	0.421556124	0.424305164
1	2	0.05700744	0.140693221	0.80229934
0	1	0.178407942	0.601648109	0.219943949
1	1	0.107111075	0.727174432	0.165714493
1	1	0.008412614	0.974799925	0.016787461
1	1	0.325707177	0.440274655	0.234018167
1	1	0.189135918	0.492732238	0.318131844
1	1	0.105458933	0.806030529	0.088510538
1	1	0.066632984	0.876642885	0.056724131
0	0	0.553102974	0.10631902	0.340578007
1	0	0.992627775	0.000204734	0.007167492
0	1	0.011254421	0.962237197	0.026508382
0	1	0.426029102	0.540182832	0.033788066
1	1	0.024371459	0.967690927	0.007937614
1	1	0.001289832	0.996961225	0.001748943
1	2	0.222673205	0.010235942	0.767090853
2	0	0.871336428	0.076136529	0.052527044
