0	0	0.952696237	0.008059859	0.039243904
0	0	0.999465888	3.15217E-05	0.000502591
0	0	0.922159054	0.07045102	0.007389926
0	1	0.018317141	0.973538405	0.008144455
0	0	0.987044122	0.000339261	0.012616617
0	0	0.963186802	0.007788493	0.029024705
0	0	0.988148045	0.002204129	0.009647825
0	0	0.994749719	0.001713591	0.00353669
0	2	0.072253036	0.003504593	0.924242371
0	2	0.071491702	0.00351972	0.924988578
0	0	0.828213322	0.074557509	0.097229169
0	0	0.970689075	0.004682378	0.024628547
0	2	0.017484038	0.001696536	0.980819426
0	0	0.726096668	0.034994229	0.238909103
0	0	0.998083875	0.000142479	0.001773646
0	0	0.936216221	0.025552789	0.03823099
0	0	0.960335072	0.005425349	0.034239579
0	0	0.94955468	0.012505807	0.037939513
0	0	0.953134866	0.008249531	0.038615603
0	0	0.913564528	0.047777461	0.038658011
0	0	0.936488664	0.012480125	0.051031211
0	1	0.112199682	0.778742284	0.109058034
0	0	0.819516981	0.110411591	0.070071428
0	0	0.899367969	0.064430831	0.0362012
0	0	0.38563281	0.261043131	0.353324058
0	1	0.012775929	0.970452876	0.016771195
0	0	0.421748542	0.420990078	0.15726138
0	0	0.969508248	0.005219956	0.025271796
0	0	0.947446338	0.009105424	0.043448238
0	0	0.684193915	0.110039719	0.205766366
0	0	0.836013001	0.066409769	0.09757723
0	0	0.948985147	0.012505808	0.038509045
0	0	0.983444678	0.010017779	0.006537543
0	0	0.999421243	4.44174E-05	0.00053434
0	0	0.770043793	0.215777414	0.014178793
0	0	0.977426357	0.020381405	0.002192238
0	0	0.948631619	0.008922896	0.042445485
0	0	0.977861432	0.013024966	0.009113602
0	0	0.963494786	0.007963488	0.028541726
0	0	0.876416404	0.016013647	0.107569949
0	0	0.985515223	0.003831531	0.010653245
0	0	0.639526982	0.080546029	0.279926988
0	0	0.953084876	0.008247449	0.038667674
0	0	0.951002062	0.012621683	0.036376255
0	0	0.986072807	0.002648332	0.01127886
0	0	0.810263142	0.118067803	0.071669055
0	0	0.933906745	0.023704777	0.042388478
0	0	0.91290038	0.047819177	0.039280443
0	0	0.859958841	0.046875002	0.093166157
0	0	0.99211902	0.003093314	0.004787666
0	0	0.937719396	0.002262229	0.060018374
0	0	0.831149339	0.155821246	0.013029415
0	0	0.561528195	0.261115278	0.177356528
0	0	0.934842152	0.001547402	0.063610445
0	0	0.983726838	0.003428244	0.012844918
0	0	0.991199446	0.000106705	0.008693849
0	0	0.943903214	0.037499351	0.018597434
0	1	0.150340994	0.799036006	0.050623
0	0	0.949772535	0.013290141	0.036937324
0	0	0.941545059	0.013326069	0.045128871
0	1	0.282554674	0.454624621	0.262820705
0	0	0.904223584	0.002638938	0.093137478
0	0	0.970649997	0.004650924	0.024699079
0	0	0.796454934	0.068072312	0.135472755
0	0	0.997215475	0.000313664	0.002470861
0	0	0.849797914	0.064968242	0.085233843
0	0	0.962376089	0.026327271	0.01129664
0	0	0.840575856	0.076362153	0.08306199
0	0	0.982680159	0.004233308	0.013086533
0	0	0.958960701	0.001501779	0.03953752
0	0	0.986191486	0.000361588	0.013446926
0	0	0.918630918	0.060982347	0.020386735
0	0	0.978788033	0.002265544	0.018946422
0	0	0.994870957	0.00227849	0.002850553
0	1	0.156899942	0.791957945	0.051142113
0	0	0.724701378	0.128529658	0.146768964
0	0	0.98268049	0.001589285	0.015730225
0	0	0.977310579	0.013219652	0.009469769
0	0	0.969000042	0.010278606	0.020721352
0	0	0.848830345	0.064512522	0.086657133
0	0	0.920928432	0.036542732	0.042528835
0	0	0.751116871	0.062750168	0.186132961
0	0	0.974372729	0.009851206	0.015776065
0	0	0.710676751	0.228381548	0.060941701
0	0	0.985538534	0.003745999	0.010715467
0	0	0.848092102	0.139085554	0.012822344
0	2	0.017584169	0.001684046	0.980731785
0	0	0.836056941	0.130738183	0.033204876
0	0	0.882180932	0.030645848	0.08717322
0	0	0.967000067	0.011799989	0.021199945
0	2	0.132306582	0.031782691	0.835910727
0	2	0.171326332	0.003849603	0.824824065
0	0	0.841239708	0.045104258	0.113656035
0	0	0.964113754	0.009434841	0.026451405
0	0	0.909682421	0.050683254	0.039634326
0	2	0.304782084	0.052441436	0.64277648
0	0	0.978952473	0.002250794	0.018796733
0	0	0.834741292	0.046377844	0.118880864
0	0	0.753477802	0.176619828	0.06990237
0	0	0.904527026	0.061812906	0.033660067
0	2	0.114373269	0.214963317	0.670663414
0	2	0.380849079	0.072886481	0.546264439
0	0	0.96429507	0.003706164	0.031998766
0	0	0.993028944	7.01545E-06	0.00696404
0	0	0.692582727	0.300403837	0.007013436
0	0	0.985491271	0.003727137	0.010781592
0	0	0.998082967	0.000141259	0.001775774
0	0	0.995337906	0.000452432	0.004209662
0	0	0.983744933	0.003066285	0.013188782
0	0	0.39274734	0.392590272	0.214662388
0	2	0.043416527	0.01633876	0.940244713
0	0	0.986109159	0.002657716	0.011233126
0	1	0.080858641	0.888116077	0.031025283
0	0	0.944296014	0.008094135	0.047609851
0	0	0.960552075	0.005456503	0.033991422
0	0	0.977917494	0.012817678	0.009264828
0	0	0.952696237	0.008059859	0.039243904
0	0	0.960435498	0.005444396	0.034120106
0	0	0.87757268	0.040095326	0.082331994
0	0	0.985525934	0.003766234	0.010707832
0	0	0.98305413	0.000226562	0.016719307
0	0	0.827848969	0.047386185	0.124764846
0	0	0.949802799	0.004081458	0.046115743
0	0	0.928842795	0.009558583	0.061598622
0	2	0.367799123	0.125441176	0.506759701
0	0	0.899942659	0.002870916	0.097186426
0	2	0.258433207	0.050913966	0.690652826
0	0	0.983128109	0.009395581	0.007476311
0	1	0.260356012	0.735426035	0.004217953
0	0	0.975678025	0.005878094	0.018443881
0	2	0.197861018	0.009977822	0.79216116
0	0	0.792240142	0.132272549	0.075487309
0	0	0.669934034	0.012597259	0.317468707
0	0	0.983736431	0.001133894	0.015129674
0	1	0.039002656	0.939764913	0.02123243
0	2	0.405648194	0.15377435	0.440577456
0	0	0.602719314	0.000790375	0.396490312
0	0	0.791239265	0.064142066	0.144618669
0	0	0.959967934	0.005478876	0.03455319
0	0	0.996611446	0.000345197	0.003043356
0	0	0.998647382	0.000124109	0.00122851
0	0	0.77624038	0.009183995	0.214575625
0	0	0.430177749	0.422841961	0.14698029
0	0	0.929041884	0.012186805	0.058771311
0	0	0.841624227	0.044622295	0.113753477
0	0	0.992106889	0.003128429	0.004764682
0	0	0.975977496	0.000996147	0.023026357
0	2	0.143199552	0.030763814	0.826036634
0	0	0.998332024	0.000499517	0.001168459
0	0	0.992848664	0.002193456	0.00495788
0	0	0.96950964	0.005205889	0.025284471
0	0	0.978879113	0.002254004	0.018866883
0	0	0.514080561	0.011837589	0.47408185
0	0	0.960677863	0.005485669	0.033836468
0	0	0.903597964	0.00260019	0.093801846
0	0	0.939267223	0.012182494	0.048550283
0	0	0.878772343	0.013411679	0.107815978
0	0	0.621508292	0.05478132	0.323710388
0	0	0.985525428	0.003805224	0.010669348
0	0	0.98545406	0.003904003	0.010641937
0	0	0.960473008	0.005521369	0.034005623
0	2	0.065647085	0.005460242	0.928892672
0	1	0.368738747	0.541362111	0.089899141
0	0	0.727248327	0.174211137	0.098540536
0	0	0.966439565	0.000823015	0.03273742
0	0	0.990696458	0.001992337	0.007311206
0	0	0.723378642	0.201932361	0.074688998
0	1	0.018213415	0.975898337	0.005888248
0	0	0.816898231	0.104921717	0.078180052
0	0	0.836068629	0.067357261	0.096574111
0	0	0.747570661	0.004454117	0.247975222
0	0	0.982105438	0.001597274	0.016297287
0	0	0.988470498	0.005750339	0.005779163
0	0	0.983613547	0.003065569	0.013320885
0	0	0.856342625	0.136752204	0.006905171
0	0	0.570597188	0.257490676	0.171912136
0	0	0.980692268	0.002189249	0.017118482
0	0	0.943732299	0.048107714	0.008159987
0	1	0.009233226	0.989805496	0.000961278
0	0	0.801793729	0.146372008	0.051834263
0	0	0.950837457	0.01255907	0.036603473
0	0	0.95166313	0.003267127	0.045069742
0	2	0.267876924	0.019517815	0.712605261
0	0	0.935762392	0.004434264	0.059803345
0	2	0.141548246	0.148256016	0.710195738
0	0	0.992917066	0.00102937	0.006053564
0	0	0.96043227	0.005410186	0.034157544
0	2	0.34251265	0.25280251	0.40468484
0	0	0.951428095	0.012613455	0.03595845
0	0	0.934496083	0.001534351	0.063969566
0	0	0.939456358	0.038046206	0.022497436
0	0	0.90298019	0.002576419	0.094443391
0	2	0.197791272	0.197218508	0.60499022
0	0	0.987062164	0.001803507	0.011134329
0	2	0.242372455	0.007400708	0.750226838
0	0	0.997414807	1.40079E-05	0.002571185
0	2	0.098843947	0.016373142	0.884782911
0	0	0.838139284	0.044754155	0.117106561
0	1	0.408985542	0.580726441	0.010288017
0	0	0.672201847	0.312860894	0.014937259
0	0	0.990773857	0.00193554	0.007290603
0	0	0.993571208	0.002144284	0.004284508
0	0	0.863877318	0.046471107	0.089651575
0	0	0.993707586	0.000317062	0.005975352
0	2	0.176382794	0.022059792	0.801557413
0	0	0.875769464	0.072024251	0.052206285
0	0	0.719283781	0.131848821	0.148867399
0	0	0.558540391	0.042632929	0.39882668
0	0	0.996119107	0.000178917	0.003701976
0	0	0.864959381	0.000214957	0.134825662
0	2	0.434831346	0.046296124	0.51887253
0	0	0.698474838	0.202734888	0.098790274
0	0	0.736223439	0.03403991	0.229736651
0	0	0.816758351	0.004034342	0.179207307
0	0	0.985244475	0.005825762	0.008929763
0	0	0.705849794	0.009801177	0.284349029
0	0	0.829071696	0.157119496	0.013808808
0	0	0.505127979	0.011777746	0.483094275
0	0	0.739019743	0.000370362	0.260609896
0	0	0.985298677	0.003939071	0.010762252
0	0	0.676973366	0.018599449	0.304427186
0	0	0.978007796	0.012701469	0.009290735
0	0	0.952848499	0.008470215	0.038681286
0	2	0.109065748	0.412341088	0.478593164
0	1	0.012232585	0.974966671	0.012800744
0	0	0.997795759	0.000303871	0.00190037
0	0	0.848301238	0.06467895	0.087019811
0	2	0.427144651	0.108605572	0.464249776
0	0	0.840779353	0.044519588	0.11470106
0	0	0.949283927	0.012524766	0.038191308
0	2	0.070817869	0.011536447	0.917645684
0	2	0.070809906	0.011647586	0.917542508
0	0	0.977676319	0.020115258	0.002208423
0	0	0.716644951	0.243150485	0.040204564
0	0	0.993855032	0.000315118	0.00582985
0	1	0.019249582	0.949741049	0.031009368
0	0	0.978431414	0.000559591	0.021008995
0	0	0.976487931	0.021696748	0.001815321
0	0	0.991404338	0.002147968	0.006447693
0	0	0.99836627	8.33189E-05	0.001550411
0	0	0.911378961	0.047801585	0.040819455
0	0	0.950697915	0.012605035	0.03669705
0	0	0.960575207	0.001612575	0.037812218
0	0	0.917356702	0.07806926	0.004574038
0	0	0.949831133	0.004102449	0.046066418
0	0	0.936027017	0.001561808	0.062411175
0	0	0.846014567	0.079363342	0.07462209
0	0	0.906288897	0.017091105	0.076619999
0	0	0.831509934	0.135591033	0.032899032
0	0	0.901074492	0.040345825	0.058579683
0	0	0.756745354	0.063511869	0.179742776
0	0	0.996141692	0.002200511	0.001657797
0	0	0.643501342	0.134266162	0.222232496
0	0	0.765990557	0.040897537	0.193111906
0	1	0.403441292	0.586358267	0.010200441
0	0	0.58056374	0.165521252	0.253915008
0	0	0.617167152	0.041233041	0.341599807
0	2	0.098320992	0.086067989	0.81561102
0	0	0.859513249	0.017648773	0.122837979
0	0	0.832973948	0.006765271	0.160260781
0	1	0.343134933	0.373390116	0.28347495
0	0	0.99431943	0.003412887	0.002267683
0	0	0.938231426	0.005038945	0.05672963
0	2	0.133742557	0.001008957	0.865248487
0	0	0.796784803	0.067713437	0.135501761
0	0	0.964251247	0.009446572	0.026302182
0	0	0.505814197	0.011787851	0.482397953
0	0	0.928731337	0.012169338	0.059099325
0	0	0.801734459	0.146507622	0.051757919
0	0	0.722418558	0.262225466	0.015355976
0	1	0.369849799	0.509789031	0.12036117
0	0	0.950347872	0.012924543	0.036727585
0	0	0.998630439	0.000438579	0.000930982
0	2	0.130347035	0.27021026	0.599442704
0	0	0.902170929	0.039761695	0.058067377
0	0	0.994228761	0.003511233	0.002260006
0	0	0.846858066	0.066157159	0.086984775
0	0	0.990547998	0.001607143	0.007844858
0	0	0.822684567	0.107218934	0.070096499
0	0	0.516791485	0.011510268	0.471698248
0	2	0.127086788	0.03134235	0.841570862
0	0	0.949149349	0.006604599	0.044246053
0	0	0.935562593	0.027086841	0.037350566
0	2	0.301309353	0.022863402	0.675827244
0	2	0.134990669	0.400256527	0.464752804
0	0	0.832973948	0.006765271	0.160260781
0	0	0.440228568	0.24714966	0.312621772
0	0	0.950236459	0.012544858	0.037218683
0	2	0.108766561	0.409445556	0.481787883
0	2	0.465258912	0.059180616	0.475560472
0	0	0.983156153	0.009350857	0.00749299
0	0	0.937063072	0.022849988	0.04008694
0	0	0.961029632	0.005685421	0.033284947
0	2	0.133691241	0.031558184	0.834750575
0	0	0.810219919	0.045146182	0.144633899
0	1	0.316477041	0.466076926	0.217446033
0	0	0.512822727	0.180121248	0.307056025
0	0	0.88874947	0.02677893	0.0844716
0	0	0.549172249	0.024796739	0.426031012
0	0	0.949845691	0.004077971	0.046076338
0	0	0.990605057	0.000714992	0.008679951
0	0	0.89812609	0.002845135	0.099028776
0	0	0.51467524	0.184497534	0.300827226
0	1	0.041080537	0.937610357	0.021309105
0	0	0.954255086	0.022922776	0.022822138
0	0	0.836847411	0.066749162	0.096403427
0	0	0.882029761	0.030445122	0.087525117
0	0	0.958694012	0.009243975	0.032062014
0	0	0.958728336	0.009234143	0.032037521
0	0	0.798007916	0.022412493	0.179579592
0	2	0.043306671	0.040427356	0.916265973
0	0	0.905005906	0.083041582	0.011952512
0	2	0.391218484	0.123676117	0.4851054
0	0	0.693904041	0.032669231	0.273426728
0	0	0.848172069	0.065962311	0.085865621
0	0	0.508067287	0.485662478	0.006270235
0	0	0.997745203	0.000117808	0.002136989
0	0	0.937719396	0.002262229	0.060018374
0	2	0.354526003	0.207884304	0.437589692
0	0	0.988084689	0.002213928	0.009701383
0	1	0.198390911	0.548089933	0.253519156
0	0	0.931287813	0.017735502	0.050976685
0	0	0.639504953	0.046117587	0.31437746
0	0	0.570106236	0.246465672	0.183428092
0	2	0.32561836	0.216767645	0.457613994
0	0	0.912128014	0.047883949	0.039988037
0	2	0.04695968	0.015566005	0.937474315
0	0	0.642842428	0.045096274	0.312061298
0	0	0.631446277	0.082089726	0.286463998
0	0	0.650672934	0.097710313	0.251616753
0	0	0.970756708	0.004689265	0.024554027
0	1	0.407008043	0.582735239	0.010256718
0	0	0.671076399	0.221757178	0.107166424
0	1	0.020090713	0.968121574	0.011787712
0	0	0.973794874	0.007654553	0.018550573
0	0	0.985171926	0.004293989	0.010534085
0	2	0.083282209	0.011898769	0.904819022
0	0	0.480268635	0.121455216	0.398276148
0	0	0.91207292	0.027916557	0.060010524
0	2	0.091923729	0.016260831	0.89181544
0	0	0.623461004	0.042857738	0.333681258
0	0	0.941042092	0.052095984	0.006861924
0	1	0.220289562	0.773281285	0.006429153
0	0	0.818711826	0.055231429	0.126056745
0	0	0.99475216	0.00171291	0.00353493
0	0	0.901660858	0.039990361	0.058348781
0	0	0.986108079	0.0026633	0.011228621
0	0	0.816511603	0.048776133	0.134712264
0	2	0.404103242	0.153648941	0.442247817
0	0	0.998078372	0.000142307	0.001779321
0	0	0.590895742	0.00714948	0.401954779
0	0	0.991191739	0.000675439	0.008132822
0	0	0.764576926	0.042339593	0.193083482
0	0	0.83248659	0.006768755	0.160744655
0	0	0.488479674	0.057656204	0.453864122
0	0	0.973784009	0.007628487	0.018587504
0	0	0.868330454	0.013174358	0.118495188
0	0	0.894145005	0.018001732	0.087853263
0	0	0.797375737	0.022287501	0.180336763
0	0	0.929824329	0.012692302	0.057483369
0	0	0.711483838	0.228070023	0.060446139
0	0	0.495253342	0.192725989	0.312020669
0	1	0.370140572	0.585217082	0.044642345
0	2	0.09750401	0.004474943	0.898021047
0	0	0.501614852	0.031990296	0.466394852
0	1	0.078184903	0.769450461	0.152364637
1	2	0.083714521	0.01635956	0.899925919
1	1	0.064197433	0.713272278	0.222530289
1	0	0.81671735	0.180150583	0.003132067
0	1	0.095132739	0.801811196	0.103056065
1	1	0.213335781	0.701322164	0.085342055
1	2	0.186728706	0.373850802	0.439420491
0	0	0.899837749	0.01110188	0.089060371
0	0	0.891787979	0.005797509	0.102414511
0	0	0.997881037	1.68692E-05	0.002102094
0	0	0.930977196	0.012849884	0.05617292
1	0	0.928919464	0.027894291	0.043186245
1	1	0.121692405	0.770235712	0.108071883
0	0	0.996096524	0.002228089	0.001675387
0	1	0.194621677	0.614591337	0.190786987
1	2	0.008046714	0.001697003	0.990256283
1	2	0.041736499	0.151544002	0.806719499
0	0	0.777174229	0.000606509	0.222219261
0	2	0.326877948	0.10315027	0.569971782
1	0	0.598164362	0.398164632	0.003671005
0	0	0.651597309	0.036083177	0.312319514
0	0	0.906141935	9.26613E-05	0.093765403
1	0	0.705833894	0.188911742	0.105254364
0	0	0.977861432	0.013024966	0.009113602
0	0	0.996080036	0.000179807	0.003740157
0	0	0.902087457	0.018978589	0.078933954
1	1	0.282005037	0.450440022	0.267554941
0	0	0.903657713	0.002618628	0.093723659
1	2	0.039951981	0.018826741	0.941221278
1	0	0.752446317	0.178793169	0.068760514
1	0	0.8073176	0.016253644	0.176428756
0	0	0.90129415	0.040170451	0.058535399
0	0	0.998690902	0.000422758	0.00088634
0	2	0.320481938	0.247949704	0.431568358
1	0	0.496855362	0.020732426	0.482412212
0	1	0.309983731	0.408266364	0.281749905
1	0	0.666132946	0.318776194	0.01509086
0	0	0.99421217	0.000214178	0.005573653
0	0	0.800828827	0.036464793	0.16270638
0	2	0.110257765	0.114619843	0.775122392
1	1	0.065740279	0.718533131	0.215726589
1	1	0.094266151	0.798090637	0.107643213
0	1	0.017319218	0.974687377	0.007993405
0	1	0.415558695	0.443910901	0.140530405
1	1	0.010480722	0.949596879	0.039922399
0	1	0.139349173	0.841581467	0.019069359
1	0	0.580592937	0.167578163	0.2518289
0	0	0.663505793	0.036177507	0.3003167
0	0	0.982556006	0.001595772	0.015848222
0	0	0.687314434	0.003793511	0.308892055
1	0	0.826096391	0.148711987	0.025191622
0	0	0.976504174	0.021681926	0.0018139
0	0	0.797887832	0.149735144	0.052377024
1	1	0.325864802	0.652481363	0.021653835
1	2	0.09237531	0.332573115	0.575051575
1	1	0.016768611	0.968558393	0.014672996
0	0	0.513234363	0.189735802	0.297029835
0	1	0.017697025	0.976521282	0.005781693
0	1	0.148182216	0.801626434	0.05019135
0	0	0.84930528	0.064671376	0.086023344
0	0	0.902275453	0.039013973	0.058710574
1	0	0.761258151	0.147949726	0.090792123
1	1	0.001440228	0.995357048	0.003202723
1	0	0.770095669	0.138908404	0.090995927
1	1	0.009528544	0.977005134	0.013466322
1	2	0.069393302	0.440270956	0.490335743
1	1	0.021554077	0.962722288	0.015723635
0	2	0.344242071	0.024733166	0.631024763
0	0	0.983060681	0.000226586	0.016712732
0	0	0.703074812	0.282891464	0.014033724
1	1	0.018097806	0.975051906	0.006850288
1	1	0.203367413	0.751382062	0.045250524
1	1	0.009507653	0.977107851	0.013384496
1	0	0.847989599	0.144382838	0.007627563
0	0	0.792078249	0.074467306	0.133454445
1	0	0.523909165	0.409042196	0.06704864
1	1	0.012834722	0.970444466	0.016720812
1	1	0.00297946	0.98018584	0.016834699
0	0	0.985520936	0.003745557	0.010733507
1	1	0.096435672	0.795742926	0.107821402
0	0	0.998080991	0.000145546	0.001773464
0	0	0.990497645	0.00160674	0.007895615
1	1	0.004078992	0.977745956	0.018175052
1	1	0.248916507	0.707910397	0.043173096
1	1	0.080689615	0.574046199	0.345264186
0	0	0.872881177	0.011442099	0.115676724
0	0	0.983086241	0.004075921	0.012837837
1	2	0.475468301	0.028221955	0.496309744
0	0	0.638153354	0.064089377	0.297757269
1	1	0.399984577	0.453559285	0.146456139
0	0	0.977959828	0.012751751	0.009288421
0	2	0.311287044	0.074516119	0.614196837
1	1	0.000153544	0.997481797	0.002364659
1	1	0.100699318	0.575269733	0.324030949
0	0	0.82785939	0.139692464	0.032448146
1	2	0.042927847	0.041526041	0.915546112
0	2	0.254390413	0.038228073	0.707381514
1	0	0.677094523	0.018027726	0.304877752
0	0	0.737052003	0.03396255	0.228985447
0	1	0.086035299	0.902219348	0.011745353
0	2	0.065500136	0.005459473	0.929040391
1	2	0.289186951	0.081660742	0.629152307
1	2	0.116509166	0.305261855	0.578228979
0	2	0.251873445	0.00762572	0.740500834
0	0	0.997156043	0.000104644	0.002739313
0	0	0.604401358	0.049079355	0.346519287
1	1	0.315458733	0.558485063	0.126056204
0	1	0.121587341	0.858625506	0.019787152
0	0	0.918839983	0.060831758	0.020328259
0	0	0.860460324	0.09487569	0.044663987
0	0	0.962430003	0.026307691	0.011262305
0	0	0.587913493	0.044087655	0.367998851
0	1	0.340769611	0.651779699	0.00745069
0	0	0.930803845	0.000110399	0.069085755
0	0	0.931341948	0.000356909	0.068301143
1	0	0.928523684	0.012159319	0.059316997
0	0	0.590686257	0.084359296	0.324954447
0	2	0.026298545	0.000575402	0.973126053
0	0	0.460452731	0.342821603	0.196725667
0	0	0.951727893	0.003275856	0.044996251
1	1	0.034527592	0.952184443	0.013287965
0	0	0.98060051	0.000599335	0.018800156
0	0	0.970660956	0.004619919	0.024719125
1	2	0.274455192	0.268268411	0.457276396
0	0	0.982596809	0.009968189	0.007435002
0	0	0.793631664	0.094757354	0.111610982
0	0	0.997514086	0.000247503	0.002238411
0	0	0.904836045	0.083200534	0.011963421
0	0	0.866359927	0.033926636	0.099713437
0	0	0.971024606	0.005607763	0.023367632
1	2	0.021276909	0.03482106	0.943902031
0	0	0.82917213	0.018653388	0.152174482
0	2	0.435742103	0.012311707	0.551946191
1	1	0.04585205	0.738203778	0.215944172
1	1	0.338227818	0.574971047	0.086801134
1	0	0.847229106	0.067052182	0.085718712
1	1	0.021485875	0.971941616	0.00657251
1	0	0.61928785	0.265753766	0.114958384
1	0	0.442110086	0.184225198	0.373664716
0	0	0.831723092	0.152033298	0.016243609
1	1	0.046437611	0.901725103	0.051837287
0	0	0.648719908	0.336803963	0.014476129
0	2	0.081522192	0.016332799	0.90214501
0	2	0.139108602	0.031033117	0.82985828
0	0	0.666123116	0.092737648	0.241139237
0	2	0.160327809	0.006266516	0.833405675
1	2	0.380733355	0.131762265	0.48750438
0	0	0.956064712	0.026338338	0.01759695
0	1	0.109168232	0.834464418	0.056367351
1	2	0.346419446	0.175800585	0.47777997
1	2	0.342446172	0.040464073	0.617089755
0	0	0.513843617	0.334226522	0.151929861
1	1	0.008648555	0.607524332	0.383827114
0	2	0.085922941	0.2647407	0.649336359
0	0	0.945204682	0.023083117	0.031712201
1	2	0.092133347	0.084964791	0.822901862
0	0	0.648504711	0.240945139	0.11055015
1	0	0.992606409	0.003347568	0.004046022
1	0	0.508962723	0.006364112	0.484673165
1	1	0.012915449	0.970512391	0.01657216
1	2	0.06049916	0.390813114	0.548687727
0	0	0.948940798	0.008836991	0.042222211
0	0	0.815466447	0.113200465	0.071333087
1	0	0.582318197	0.156212464	0.261469339
1	0	0.992599063	0.003343195	0.004057743
1	1	0.044722154	0.809866152	0.145411694
1	2	0.479957881	0.028278403	0.491763717
0	0	0.808521162	0.045318116	0.146160722
1	2	0.173233714	0.324745446	0.50202084
1	1	0.079967633	0.908524602	0.011507764
1	1	0.066261845	0.872894093	0.060844062
1	1	0.00301563	0.975752383	0.021231987
1	0	0.469307773	0.402445138	0.128247089
0	0	0.99659651	4.04474E-05	0.003363042
1	1	0.383747132	0.558683892	0.057568977
1	1	0.296444308	0.618291092	0.085264601
1	1	0.001456229	0.995206178	0.003337593
1	1	0.198926739	0.755467384	0.045605878
0	0	0.832874733	0.134099659	0.033025608
1	1	0.067803669	0.927985684	0.004210647
1	1	0.051542414	0.866450551	0.082007035
1	1	0.051427401	0.866247903	0.082324696
1	1	0.119313004	0.689557665	0.191129331
0	0	0.936645233	0.003285125	0.060069642
1	1	0.104276158	0.736303759	0.159420083
1	1	0.291770494	0.450279056	0.25795045
0	0	0.973785726	0.00765831	0.018555965
1	1	0.051601901	0.864419791	0.083978307
0	0	0.928458685	0.012157252	0.059384063
1	1	0.037107497	0.942578326	0.020314177
0	0	0.94340967	0.050769746	0.005820584
1	0	0.924982629	0.048617082	0.026400289
1	0	0.661207333	0.093912872	0.244879795
1	0	0.907155493	0.041901175	0.050943332
0	2	0.039331061	0.002604953	0.958063986
0	0	0.879588972	0.001013951	0.119397077
1	1	0.021619552	0.962657866	0.015722583
0	2	0.110244915	0.080022224	0.809732861
0	0	0.968899815	0.017974628	0.013125557
1	1	0.135894906	0.802058734	0.06204636
1	2	0.415856083	0.111123172	0.473020745
0	0	0.935568054	0.029959722	0.034472224
1	2	0.06930514	0.013592512	0.917102347
1	1	0.132335644	0.832007499	0.035656856
1	0	0.885597135	0.027441656	0.086961209
0	0	0.996819253	0.001423288	0.00175746
1	0	0.839002274	0.077123915	0.083873811
1	0	0.762016981	0.139402975	0.098580043
1	1	0.211899087	0.741229397	0.046871516
1	1	0.099872657	0.773709082	0.126418261
0	2	0.344168984	0.021143505	0.634687511
0	0	0.906769304	0.03034064	0.062890056
0	0	0.838401491	0.044701055	0.116897454
0	2	0.377770923	0.070427794	0.551801283
0	0	0.977214549	0.000175136	0.022610315
1	0	0.898265793	0.003036076	0.098698131
1	1	0.236304128	0.637350444	0.126345428
0	0	0.959667658	0.026213827	0.014118515
1	1	0.023986909	0.942191201	0.03382189
1	0	0.42872256	0.426541642	0.144735798
0	2	0.252926948	0.000867795	0.746205256
0	0	0.936786963	0.022969239	0.040243798
0	0	0.819319463	0.000533377	0.18014716
2	1	0.202123533	0.558848859	0.239027608
1	1	0.167164148	0.802776427	0.030059425
2	1	0.121162678	0.692448656	0.186388665
1	1	0.070436236	0.552916974	0.37664679
0	2	0.385576371	0.126070249	0.48835338
2	0	0.899217078	0.002796936	0.097985986
0	0	0.437240021	0.216606489	0.346153491
2	2	0.21297376	0.155986422	0.631039818
0	0	0.75249415	0.020178006	0.227327844
0	2	0.038113411	0.404384522	0.557502067
0	0	0.948391212	0.002831388	0.0487774
0	1	0.339226293	0.645333616	0.015440091
0	0	0.537312048	0.003674728	0.459013224
1	1	0.195097502	0.722270298	0.082632201
0	0	0.970791487	0.004712468	0.024496046
0	0	0.686644509	0.081893261	0.23146223
2	2	0.434505079	0.099624452	0.46587047
1	0	0.503035433	0.464638931	0.032325636
1	1	0.043380769	0.763884222	0.192735009
2	1	0.019127986	0.972288422	0.008583592
1	1	0.060558385	0.862649042	0.076792573
1	1	0.25407483	0.650166725	0.095758446
1	2	0.124884992	0.306676439	0.568438569
1	0	0.896636729	0.099818226	0.003545045
2	0	0.739999407	0.021934251	0.238066342
0	2	0.131478774	0.032757941	0.835763285
0	0	0.900484456	0.040757216	0.058758328
0	0	0.805945028	0.121950538	0.072104434
1	1	0.045975016	0.738409184	0.2156158
1	0	0.4028249	0.242500065	0.354675035
0	0	0.983588947	0.003117116	0.013293937
1	1	0.012240339	0.974902036	0.012857625
1	1	0.280184022	0.480461264	0.239354714
1	2	0.095977098	0.066030027	0.837992875
0	0	0.973771467	0.00766356	0.018564973
1	1	0.066183234	0.873341941	0.060474825
0	0	0.711355507	0.228462553	0.06018194
1	1	0.11403836	0.776995752	0.108965888
2	1	0.118751959	0.687620399	0.193627641
1	1	0.017575763	0.975568946	0.006855291
1	1	0.328648878	0.474845716	0.196505406
0	0	0.922913444	0.035564056	0.0415225
0	0	0.993474187	0.002227563	0.004298251
0	0	0.489707282	0.056787023	0.453505695
1	1	0.096760439	0.617968956	0.285270605
2	2	0.102852061	0.075188001	0.821959938
0	0	0.939088027	0.011171984	0.049739989
2	2	0.00498671	0.071785066	0.923228223
1	1	0.039006952	0.939868414	0.021124635
1	1	0.017522412	0.976701187	0.005776401
0	1	0.13387855	0.791581662	0.074539788
1	1	0.085271289	0.577170554	0.337558156
0	0	0.950265279	0.006266019	0.043468702
1	0	0.589499274	0.250980059	0.159520667
0	2	0.229559082	0.376515959	0.39392496
1	1	0.137769296	0.554452157	0.307778547
0	0	0.856212088	0.058347593	0.085440319
0	0	0.965349371	0.02590381	0.008746819
0	0	0.973696624	0.007695223	0.018608152
1	1	0.009488082	0.977244164	0.013267753
2	2	0.016110256	0.237568523	0.746321221
1	2	0.179922852	0.380097637	0.439979511
2	0	0.975842555	0.001560804	0.022596641
0	0	0.735178002	0.01194261	0.252879388
2	2	0.438486318	0.033707778	0.527805904
0	1	0.36645001	0.517993199	0.115556792
1	2	0.160648678	0.124539117	0.714812205
1	1	0.205749337	0.776781126	0.017469537
1	1	0.394394701	0.548371067	0.057234232
0	0	0.800296247	0.036714874	0.162988878
2	0	0.966914719	0.011755372	0.02132991
0	0	0.644424926	0.036457906	0.319117168
0	0	0.408098874	0.201564511	0.390336615
1	0	0.539798209	0.44500939	0.015192401
0	0	0.899617695	0.040864834	0.05951747
0	0	0.93192688	0.000354962	0.067718158
1	2	0.210215929	0.05119978	0.738584291
1	2	0.055453974	0.062050799	0.882495227
2	2	0.344240373	0.160619815	0.495139812
2	2	0.241700826	0.007377986	0.750921188
0	1	0.047002651	0.948900558	0.004096791
1	1	0.015508715	0.97691743	0.007573855
1	1	0.00949633	0.977213756	0.013289914
1	2	0.086134123	0.032294781	0.881571096
0	0	0.829320573	0.081557377	0.08912205
0	0	0.591459107	0.249383668	0.159157225
1	2	0.042844674	0.01640164	0.940753686
2	0	0.919955635	0.036896823	0.043147542
2	2	0.201801477	0.049913147	0.748285377
0	0	0.550364868	0.042648046	0.406987086
1	0	0.964062408	0.009503461	0.026434131
1	1	0.095432945	0.804341435	0.10022562
0	0	0.949842309	0.004104549	0.046053142
0	2	0.129551948	0.308796333	0.56165172
2	2	0.000392447	1.59268E-05	0.999591626
0	0	0.714295481	0.13989564	0.145808879
1	1	0.041104672	0.825031674	0.133863655
2	2	0.443862986	0.095174869	0.460962145
1	1	0.040038116	0.938546022	0.021415863
0	0	0.511581444	0.040278056	0.4481405
1	1	0.12114334	0.687990115	0.190866546
1	1	0.324622962	0.489930916	0.185446122
0	2	0.378784011	0.072672726	0.548543263
2	2	0.038893368	0.340979973	0.620126659
2	0	0.504697256	0.057504244	0.437798499
1	1	0.374802262	0.456687151	0.168510588
2	2	0.055919493	0.062502905	0.881577602
2	0	0.515319695	0.011778637	0.472901668
0	0	0.99615068	0.002194158	0.001655161
2	0	0.449471045	0.224993483	0.325535473
0	0	0.983143927	0.010369362	0.00648671
2	2	0.051356633	0.006277012	0.942366354
0	0	0.93167968	0.000355578	0.067964742
0	0	0.96646266	0.000433719	0.033103621
0	0	0.64279676	0.098280791	0.258922449
0	0	0.771652778	0.047972824	0.180374398
0	0	0.813164301	0.049691465	0.137144235
1	0	0.57679005	0.053441005	0.369768944
2	1	0.120374159	0.687873454	0.191752387
1	1	0.219835311	0.50546494	0.274699749
1	1	0.30949809	0.40405537	0.28644654
1	0	0.841929626	0.075981997	0.082088377
0	0	0.638234346	0.045714043	0.316051612
0	0	0.982531976	0.009962548	0.007505476
2	1	0.34473035	0.458730329	0.196539321
1	1	0.434012381	0.465063084	0.100924535
0	0	0.899058631	0.020361549	0.08057982
2	2	0.03873661	0.452091756	0.509171634
1	1	0.077006823	0.891489823	0.031503354
0	1	0.33321739	0.483231144	0.183551466
1	1	0.064807309	0.725106392	0.210086299
0	0	0.736610307	0.225035687	0.038354007
0	0	0.943695887	0.048139544	0.008164569
0	0	0.952844154	0.008210808	0.038945038
2	0	0.519147018	0.234765493	0.246087488
0	2	0.195896503	0.36277633	0.441327167
1	0	0.522026355	0.410312094	0.06766155
0	0	0.945691909	0.007026698	0.047281393
1	2	0.113259911	0.092738646	0.794001443
1	1	0.349462721	0.37932634	0.271210939
2	0	0.834743195	0.066355332	0.098901472
1	1	0.06444464	0.706558896	0.228996464
1	0	0.672384036	0.030408728	0.297207236
0	0	0.982176536	0.010381974	0.00744149
2	2	0.174418096	0.03144548	0.794136424
1	1	0.317280213	0.400048318	0.282671469
1	0	0.793748019	0.050966373	0.155285608
0	0	0.461731503	0.083411281	0.454857216
2	0	0.348171936	0.310379713	0.341448351
1	0	0.933245745	0.000349507	0.066404748
0	0	0.938399964	0.033137854	0.028462182
1	1	0.15449102	0.836173371	0.009335609
1	0	0.594156306	0.248922705	0.156920989
0	1	0.014164911	0.932592011	0.053243079
1	1	0.03924513	0.940702901	0.020051969
2	1	0.099697022	0.813491765	0.086811214
1	1	0.029234762	0.879592269	0.09117297
1	2	0.00518649	0.236833437	0.757980073
2	1	0.175623616	0.58683469	0.237541694
1	2	0.043573783	0.077715573	0.878710645
2	1	0.124673556	0.681706195	0.19362025
0	0	0.737342898	0.123242388	0.139414714
0	0	0.789683024	0.096267582	0.114049393
1	0	0.513366482	0.241625735	0.245007783
1	1	0.052337388	0.883075752	0.06458686
0	0	0.58994487	0.279116454	0.130938676
2	1	5.13312E-05	0.998789568	0.0011591
2	1	0.289299567	0.478694553	0.23200588
2	0	0.657733531	0.018830914	0.323435555
1	1	0.205995913	0.774452502	0.019551584
1	1	0.23397089	0.72516318	0.04086593
0	0	0.981111415	0.004761611	0.014126974
1	1	0.321007141	0.365535489	0.31345737
1	0	0.990882136	0.002364805	0.006753059
2	2	0.127016838	0.032548122	0.84043504
2	0	0.835246304	0.077977994	0.086775702
0	0	0.963485247	0.004356884	0.032157869
0	0	0.950174934	0.006260413	0.043564653
1	1	0.012959629	0.727882076	0.259158295
2	0	0.502166137	0.259104386	0.238729477
2	2	0.00961029	6.34524E-05	0.990326257
2	2	0.168872578	0.289410026	0.541717396
2	2	0.249056546	0.116860389	0.634083065
2	1	0.115413089	0.844477228	0.040109683
1	0	0.721682016	0.03139299	0.246924994
0	2	0.429978856	0.046364591	0.523656553
1	1	0.1223795	0.689886349	0.187734151
0	0	0.980320846	0.015167878	0.004511275
0	1	0.312459996	0.462837697	0.224702307
1	2	0.075905848	0.384134874	0.539959278
0	0	0.904836045	0.083200534	0.011963421
0	0	0.98243658	0.008554315	0.009009106
1	0	0.996620811	0.001907265	0.001471924
2	2	0.038347754	0.336936994	0.624715253
0	0	0.817016383	0.004042079	0.178941538
1	2	0.429948743	0.072665448	0.497385809
2	0	0.394914722	0.222798962	0.382286317
1	1	0.081154684	0.872233364	0.046611953
1	2	0.065448675	0.0054979	0.929053425
0	0	0.854773466	0.008874984	0.136351551
0	0	0.883811923	0.025959673	0.090228404
0	0	0.887895277	0.093499286	0.018605436
0	2	0.281606442	0.241920824	0.476472734
2	2	0.215264085	0.039526273	0.745209642
2	0	0.990788372	0.000126844	0.009084784
0	0	0.922159054	0.07045102	0.007389926
0	0	0.492884235	0.262821299	0.244294467
1	0	0.802251244	0.052663459	0.145085298
1	0	0.804924689	0.016332365	0.178742946
2	1	0.102349882	0.884566026	0.013084092
1	1	0.01661777	0.968717099	0.014665131
1	0	0.994890593	0.002272164	0.002837243
1	1	0.062510032	0.664229057	0.273260911
1	1	0.391879897	0.462550346	0.145569758
1	2	0.173410065	0.351236261	0.475353675
1	0	0.93739721	0.041930233	0.020672558
0	0	0.637790326	0.353261857	0.008947817
1	0	0.75270552	0.178158584	0.069135896
1	1	0.118609161	0.772501326	0.108889513
1	0	0.690737815	0.302735753	0.006526432
1	0	0.450788209	0.289830893	0.259380897
1	2	0.400942072	0.036430887	0.562627041
1	2	0.038266165	0.404789059	0.556944776
0	0	0.95162268	0.012876045	0.035501275
2	0	0.494526725	0.08850873	0.416964545
0	1	0.153903481	0.65512474	0.190971779
0	2	0.06650529	0.003683567	0.929811143
1	1	0.020364553	0.967480992	0.012154455
0	0	0.686281208	0.003776084	0.309942708
0	0	0.964137378	0.00946342	0.026399202
1	1	0.149847916	0.780957619	0.069194466
2	2	0.04851236	0.003237232	0.948250408
1	1	0.115571027	0.759594919	0.124834054
2	0	0.486078023	0.254262997	0.25965898
1	1	0.023781746	0.926133417	0.050084837
1	1	0.167164148	0.802776427	0.030059425
1	2	0.148934166	0.169423987	0.681641847
0	2	0.156853764	0.010662298	0.832483939
2	2	0.04119212	0.100599468	0.858208412
2	0	0.741429433	0.020354052	0.238216515
0	2	0.360085404	0.204699129	0.435215468
1	2	0.215170114	0.039647542	0.745182344
2	2	0.066219077	0.37269806	0.561082863
0	0	0.889323171	0.09205265	0.018624179
2	2	0.378036219	0.006799098	0.615164683
2	2	0.109465315	0.225587417	0.664947268
1	1	0.036976523	0.943110269	0.019913208
1	0	0.665671617	0.319257019	0.015071363
2	0	0.474779497	0.377643443	0.14757706
1	1	0.318504796	0.397675971	0.283819233
2	0	0.496785248	0.011913329	0.491301423
1	1	0.234524316	0.724701087	0.040774597
1	1	0.117234014	0.694138884	0.188627102
0	0	0.487681535	0.141778021	0.370540444
2	1	0.016492276	0.972326989	0.011180734
0	0	0.663526061	0.073601701	0.262872239
2	0	0.780597587	0.064784072	0.154618341
1	2	0.142718875	0.011993643	0.845287482
1	0	0.949440696	0.000446674	0.05011263
1	1	0.034410191	0.951893138	0.013696671
2	2	0.272021036	0.119185297	0.608793666
1	1	0.012654384	0.970783735	0.016561881
1	0	0.820167323	0.108224565	0.071608113
1	1	0.40395123	0.453227476	0.142821294
0	0	0.963958257	0.009408824	0.026632919
1	1	0.093265098	0.798668491	0.108066411
1	1	0.009542593	0.988575727	0.00188168
0	0	0.998319522	0.000390696	0.001289782
1	1	0.309709667	0.529607041	0.160683292
0	0	0.975091473	0.010053605	0.014854922
0	0	0.699254867	0.197002278	0.103742855
1	1	0.033773807	0.961683657	0.004542537
1	2	0.479145909	0.028890279	0.491963813
0	0	0.965579063	0.025706091	0.008714846
2	0	0.695886008	0.06391064	0.240203352
2	0	0.969252519	0.005200346	0.025547135
2	2	0.082317162	0.008742355	0.908940483
0	1	0.280957035	0.711020853	0.008022112
1	2	0.446343213	0.034041766	0.519615021
2	2	0.037293266	0.027270697	0.935436037
2	2	0.070904653	0.067628944	0.861466403
1	1	0.248008681	0.65357922	0.098412099
1	1	0.107350944	0.711448706	0.181200349
0	0	0.51657849	0.011587504	0.471834006
1	1	0.021649082	0.962624168	0.01572675
0	0	0.917445716	0.013706819	0.068847466
2	1	0.117805783	0.772813199	0.109381018
1	1	0.318215326	0.455514832	0.226269842
2	1	0.428258178	0.46924557	0.102496252
0	0	0.662200196	0.094676699	0.243123105
0	0	0.839028983	0.077303965	0.083667052
1	0	0.935413943	0.011469475	0.053116582
1	1	0.070145099	0.857624144	0.072230756
2	1	0.004500368	0.915672844	0.079826788
2	2	0.246159261	0.005260251	0.748580488
1	1	0.002679377	0.986718179	0.010602443
2	1	0.084884665	0.594900076	0.320215259
1	0	0.49918559	0.134798079	0.36601633
0	2	0.136716866	0.031050413	0.832232721
2	2	0.138091573	0.031334416	0.830574011
2	0	0.580077093	0.095982033	0.323940875
0	0	0.950813949	0.012609095	0.036576955
1	1	0.012546407	0.974412122	0.013041471
1	1	0.007026032	0.919124993	0.073848975
0	1	0.011478604	0.987903302	0.000618094
1	1	0.265458442	0.639609799	0.094931758
2	0	0.778571022	0.08192959	0.139499388
1	0	0.397312196	0.218311373	0.384376431
0	0	0.985400782	0.00394934	0.010649878
2	2	0.276408685	0.121095624	0.602495691
1	1	0.020419372	0.976704388	0.00287624
1	1	0.002952788	0.974817054	0.022230158
2	0	0.47700185	0.124054424	0.398943726
1	1	0.102648646	0.768170685	0.129180668
1	1	0.436562357	0.462446661	0.100990982
2	1	0.215912502	0.586383048	0.19770445
1	1	0.442082377	0.457875008	0.100042614
0	0	0.998367997	8.32941E-05	0.001548709
1	1	0.000176459	0.997080871	0.00274267
1	1	0.017336341	0.729533224	0.253130435
2	2	0.469872813	0.033290166	0.496837021
2	0	0.669733403	0.32818574	0.002080857
1	2	0.069327602	0.4419263	0.488746098
1	2	0.055295303	0.063325492	0.881379206
0	0	0.970574303	0.001173027	0.02825267
1	0	0.901789796	0.047840925	0.050369279
2	2	0.24046107	0.310523072	0.449015858
1	1	0.039016946	0.933551442	0.027431612
2	1	0.012781998	0.801702629	0.185515373
0	0	0.515234029	0.441872431	0.04289354
1	2	0.183453339	0.350605041	0.465941621
1	2	0.040605608	0.101220993	0.858173399
0	0	0.766139919	0.041308356	0.192551724
2	2	0.08671263	0.031721654	0.881565716
1	2	0.21702453	0.040113398	0.742862072
2	0	0.50652658	0.251609127	0.241864294
1	1	0.306250926	0.410676083	0.283072991
0	0	0.962287295	0.026507111	0.011205593
0	0	0.866864758	0.039483504	0.093651737
1	0	0.886415963	0.041416789	0.072167249
0	2	0.179913002	0.083318733	0.736768265
1	2	0.389297277	0.191798101	0.418904622
0	2	0.357970287	0.206200704	0.435829009
0	0	0.96015981	0.005507439	0.034332751
1	1	0.154112463	0.706259416	0.139628122
1	0	0.902234007	0.039333396	0.058432598
1	1	0.093686706	0.63318099	0.273132303
0	0	0.949910349	0.006231192	0.043858459
1	1	0.233989333	0.640965434	0.125045232
2	1	0.024370811	0.959474891	0.016154298
1	1	0.046005992	0.810273336	0.143720673
1	1	0.351784416	0.47036949	0.177846094
1	1	0.045638412	0.931456715	0.022904874
2	2	0.268419908	0.278008747	0.453571345
1	1	0.016968234	0.968397834	0.014633933
1	1	0.083317816	0.596668932	0.320013252
0	1	0.153513914	0.784927385	0.061558701
1	1	0.209071943	0.75739008	0.033537976
2	0	0.673432509	0.086963438	0.239604053
2	2	0.237841856	0.314286812	0.447871331
0	2	0.239051589	0.206330527	0.554617885
2	1	0.083370528	0.776032862	0.14059661
1	1	0.23030702	0.670425971	0.09926701
1	1	0.003980176	0.938540462	0.057479362
1	0	0.909554578	0.041064952	0.04938047
0	0	0.865907309	0.012936825	0.121155866
0	0	0.992123216	0.003155186	0.004721598
1	0	0.519273773	0.058377541	0.422348686
0	0	0.985210065	0.006916811	0.007873124
1	2	0.05706638	0.064258573	0.878675047
0	2	0.109007878	0.413608618	0.477383504
1	1	0.10775152	0.710826113	0.181422367
2	0	0.833508966	0.066862914	0.09962812
1	0	0.427698796	0.202738952	0.369562251
0	0	0.848198207	0.07866626	0.073135533
1	0	0.725291932	0.035729413	0.238978655
0	0	0.960751678	0.005473487	0.033774834
2	0	0.643709343	0.096896877	0.25939378
0	0	0.578758482	0.054526415	0.366715103
1	0	0.501145133	0.276606452	0.222248415
1	2	0.219250023	0.040037349	0.740712629
0	0	0.993933959	0.00523188	0.000834161
1	1	0.108374469	0.704291641	0.18733389
1	1	0.0223346	0.920978844	0.056686555
1	1	0.09020372	0.828461749	0.081334531
1	0	0.749115611	0.020190119	0.23069427
1	1	0.108165539	0.708509042	0.183325419
1	1	0.021649082	0.962624168	0.01572675
0	0	0.975771462	0.004983978	0.01924456
1	0	0.767199706	0.055215689	0.177584605
0	1	0.131680098	0.848844047	0.019475855
0	1	0.130846423	0.849989753	0.019163823
1	1	0.115820428	0.882043132	0.00213644
1	1	0.003439468	0.995471797	0.001088735
1	0	0.52053275	0.235934165	0.243533085
