0	0	0.960252031	0.000851799	0.03889617
0	0	0.973888118	0.004619546	0.021492336
0	0	0.9628435	0.000617109	0.036539391
0	0	0.977936297	0.000686084	0.021377619
0	0	0.989934134	0.001303742	0.008762125
0	0	0.897373274	0.003591866	0.09903486
0	0	0.965633152	0.000613352	0.033753496
0	0	0.981187148	0.000502562	0.01831029
0	0	0.973082644	0.000251898	0.026665458
0	0	0.925310954	0.000409929	0.074279117
0	0	0.981683962	0.000238513	0.018077524
0	0	0.992420676	0.000305028	0.007274296
0	0	0.872875734	0.004418027	0.122706239
0	0	0.942869859	0.000188422	0.056941719
0	0	0.94149271	0.002197602	0.056309688
0	0	0.674374091	0.141653649	0.18397226
0	0	0.90227971	0.001337797	0.096382492
0	0	0.921455636	0.014744271	0.063800092
0	0	0.604634286	0.004281159	0.391084555
0	0	0.921192141	0.00356894	0.075238919
0	0	0.916713153	0.003073124	0.080213723
0	0	0.948562005	0.000604924	0.050833072
0	0	0.74749741	0.001055939	0.25144665
0	0	0.886814125	0.001617749	0.111568127
0	0	0.988189797	0.00024877	0.011561433
0	0	0.979291881	8.67114E-05	0.020621408
0	0	0.954912546	0.001279309	0.043808145
0	0	0.968836571	0.000740519	0.03042291
0	0	0.982108798	0.000234735	0.017656467
0	0	0.989543532	8.41162E-05	0.010372352
0	0	0.879405186	0.000959777	0.119635037
0	0	0.946347193	0.000582929	0.053069879
0	0	0.976557052	5.00333E-05	0.023392914
0	2	0.225168861	0.103239405	0.671591733
0	0	0.73769698	0.000541687	0.261761333
0	0	0.972255932	0.00085233	0.026891737
0	0	0.976345077	6.74422E-05	0.023587481
0	0	0.81111409	0.002352806	0.186533104
0	0	0.894607238	0.002056869	0.103335893
0	0	0.768224966	0.002646618	0.229128416
0	0	0.93516416	0.011344376	0.053491464
0	0	0.951034225	0.000505226	0.048460549
0	0	0.918621657	0.012662873	0.068715469
0	0	0.834198106	0.014213197	0.151588697
0	0	0.958645885	0.002751433	0.038602682
0	0	0.962799384	0.000221805	0.036978811
0	0	0.888605773	0.000358314	0.111035913
0	0	0.991714503	0.000315889	0.007969608
0	0	0.894310654	0.000826507	0.104862839
0	0	0.88367453	0.001709308	0.114616161
0	0	0.993085098	0.000256255	0.006658647
0	0	0.91177366	0.000599111	0.087627229
0	0	0.977415382	0.000399721	0.022184897
0	0	0.952345452	0.000843098	0.04681145
0	0	0.922039496	0.000366663	0.077593841
0	0	0.876728207	0.001676649	0.121595144
0	0	0.97304643	0.018243919	0.008709652
0	0	0.724703614	0.002271551	0.273024835
0	0	0.613661976	0.003219559	0.383118465
0	0	0.973006916	0.001071105	0.025921978
0	0	0.949093433	0.000666782	0.050239785
0	0	0.988493539	5.54032E-05	0.011451058
0	0	0.987709678	0.000121358	0.012168964
0	0	0.975203185	0.000560652	0.024236163
0	0	0.747561436	0.008182654	0.244255911
0	0	0.956299358	0.002085213	0.041615429
0	0	0.792342513	0.113601165	0.094056321
0	0	0.987575493	0.000546923	0.011877584
0	0	0.859069467	0.00053695	0.140393583
0	0	0.825094354	0.000637053	0.174268593
0	0	0.93808592	0.001031838	0.060882242
0	0	0.938642849	0.000845553	0.060511598
0	0	0.939302395	0.001496662	0.059200943
0	0	0.911308887	0.003065718	0.085625394
0	0	0.983389506	0.000906654	0.01570384
0	0	0.997167206	0.000104113	0.002728681
0	0	0.967662237	0.000172628	0.032165135
0	0	0.922064243	0.048848071	0.029087685
0	0	0.980921681	0.000496333	0.018581986
0	0	0.579682116	0.059858287	0.360459598
0	0	0.628253683	0.006473676	0.365272642
0	0	0.956925202	0.000202528	0.04287227
0	0	0.972205245	0.000385878	0.027408877
0	0	0.982955172	0.00040892	0.016635908
0	0	0.920221977	0.009559304	0.070218719
0	0	0.981654889	0.00050517	0.017839941
0	0	0.988381056	0.000994384	0.01062456
0	0	0.982151484	0.000177151	0.017671365
0	0	0.879206861	0.000236436	0.120556703
0	0	0.996984331	0.000195956	0.002819713
0	0	0.891034556	0.002013115	0.106952329
0	0	0.993017075	0.000328062	0.006654863
0	0	0.902497634	0.002759546	0.094742821
0	0	0.997837672	8.10321E-05	0.002081296
0	0	0.902993368	0.043004949	0.054001683
0	0	0.953614827	0.000181474	0.046203698
0	0	0.983563555	0.000309648	0.016126796
0	0	0.887858492	0.002247936	0.109893572
0	0	0.972642202	0.0004957	0.026862098
0	0	0.911811515	0.002395839	0.085792646
0	0	0.982279512	0.000285554	0.017434934
0	0	0.55769735	0.001755961	0.440546689
0	0	0.943904599	0.00197966	0.054115741
0	0	0.935717358	0.000497935	0.063784707
0	0	0.914607931	0.002743667	0.082648401
0	0	0.920459715	0.001480638	0.078059647
0	0	0.813905794	0.001687325	0.184406881
0	0	0.985172603	0.00184341	0.012983987
0	0	0.947619581	0.001031025	0.051349394
0	0	0.493115581	0.129016924	0.377867495
0	0	0.98120758	0.000558491	0.018233928
0	0	0.901731663	0.001809439	0.096458897
0	0	0.976995008	0.00033864	0.022666352
0	0	0.945090217	0.00112017	0.053789613
0	0	0.94670301	0.000751177	0.052545814
0	0	0.962276775	0.000254667	0.037468558
0	0	0.974421704	0.000224102	0.025354194
0	0	0.93016181	0.021080713	0.048757477
0	0	0.846547567	0.001743102	0.151709331
0	0	0.591670692	0.324099386	0.084229921
0	0	0.881555844	0.000891267	0.117552889
0	0	0.836400178	0.002325435	0.161274387
0	0	0.862749333	0.004572793	0.132677874
0	0	0.974851292	0.000557599	0.024591109
0	0	0.937232538	0.000257157	0.062510305
0	0	0.858220466	0.004878125	0.136901408
0	0	0.853769972	0.005553686	0.140676342
0	0	0.8711789	0.002850651	0.125970449
0	0	0.891778628	0.001318794	0.106902577
0	0	0.973459211	0.000256906	0.026283883
0	0	0.96309164	0.001683624	0.035224736
0	0	0.842214071	0.007995942	0.149789986
0	0	0.98393178	0.000970306	0.015097914
0	0	0.946522628	0.00557836	0.047899012
0	0	0.981407146	0.000487867	0.018104987
0	0	0.937629127	0.001579099	0.060791774
0	0	0.886872932	0.000801478	0.112325591
0	0	0.941027424	0.008528149	0.050444427
0	0	0.94654361	0.001102982	0.052353408
0	0	0.905322452	0.037389547	0.057288
0	0	0.952447241	0.015549597	0.032003162
0	0	0.986367532	0.000200614	0.013431854
0	1	0.117455275	0.874767049	0.007777676
0	0	0.932007446	0.000935701	0.067056853
0	0	0.758031554	0.005331993	0.236636454
0	0	0.849226812	0.004023798	0.14674939
0	0	0.98784465	0.000362122	0.011793228
0	0	0.934571876	0.001982163	0.063445961
0	0	0.995561672	5.1058E-05	0.00438727
0	0	0.966472633	0.001440302	0.032087065
0	0	0.953934628	0.004102084	0.041963288
0	0	0.919977087	0.000880512	0.0791424
0	0	0.967522486	0.000362018	0.032115496
0	0	0.98662595	0.000781681	0.012592369
0	0	0.938406996	0.000464165	0.061128839
0	2	0.436036821	0.004248758	0.559714421
0	0	0.866641345	0.002773542	0.130585113
0	0	0.90088747	0.004320972	0.094791558
0	0	0.983840244	7.03103E-05	0.016089446
0	0	0.988046662	0.000270395	0.011682943
0	0	0.974571544	0.001290201	0.024138255
0	0	0.990443741	0.001062318	0.008493941
0	0	0.868958073	0.001202972	0.129838955
0	0	0.96764994	0.002900753	0.029449307
0	0	0.93154822	0.006760169	0.061691611
0	0	0.945350276	0.001630449	0.053019275
0	0	0.99266728	0.00152089	0.00581183
0	0	0.929993647	0.002839641	0.067166711
0	0	0.760025044	0.00078659	0.239188366
0	0	0.965122205	0.000755372	0.034122423
0	0	0.955349234	0.001062981	0.043587786
0	0	0.929092381	0.001255844	0.069651774
0	0	0.947621116	0.006203135	0.046175749
0	0	0.971119119	0.000496213	0.028384668
0	0	0.97643808	0.002938829	0.02062309
0	0	0.909075635	0.032506117	0.058418247
0	0	0.971333584	8.1763E-05	0.028584653
0	0	0.977692862	0.000435394	0.021871744
0	0	0.708040432	0.025505681	0.266453888
0	0	0.969316	0.000382698	0.030301302
0	0	0.956252481	0.000613069	0.04313445
0	1	0.009434027	0.988632877	0.001933096
0	0	0.962626361	0.001042858	0.036330781
0	0	0.913413203	0.00912473	0.077462067
0	0	0.995001848	0.000191771	0.004806382
0	0	0.778602734	0.005024877	0.216372389
0	0	0.938021565	0.005814605	0.056163829
0	0	0.701832961	0.009984116	0.288182923
0	0	0.699261153	0.034491892	0.266246955
0	0	0.929656226	0.001467287	0.068876488
0	0	0.96149057	0.000865009	0.037644421
0	0	0.981710854	0.00068038	0.017608766
0	0	0.963862763	0.001523559	0.034613678
0	0	0.980086231	0.000219246	0.019694523
0	0	0.959654957	0.000980173	0.03936487
0	0	0.785703005	0.055316922	0.158980073
0	0	0.85653722	0.001835648	0.141627132
0	0	0.866821285	0.001187836	0.131990879
0	0	0.514374219	0.343934438	0.141691343
0	0	0.972117949	0.001516003	0.026366049
0	2	0.1588378	0.170286712	0.670875488
0	0	0.572016537	0.314180575	0.113802888
0	0	0.917589912	0.001003958	0.08140613
0	0	0.935592996	0.004793595	0.05961341
0	0	0.865403652	0.001137117	0.133459231
0	0	0.965665883	0.003904454	0.030429663
0	0	0.972123837	0.000263259	0.027612904
0	1	0.001731104	0.996311021	0.001957875
0	0	0.805877148	0.002825065	0.191297787
0	0	0.851574037	0.002691467	0.145734496
0	0	0.979618751	0.000189714	0.020191535
0	0	0.528146488	0.001787242	0.47006627
0	0	0.909731326	0.051308135	0.038960539
0	0	0.934747081	0.009985919	0.055267
0	0	0.980560598	0.000380688	0.019058714
0	0	0.995236559	0.000113845	0.004649597
0	0	0.970035047	0.000226759	0.029738194
0	0	0.984183131	0.000669725	0.015147144
0	0	0.99490811	0.000565837	0.004526054
0	0	0.897803368	0.003598622	0.09859801
0	0	0.711188868	0.034097976	0.254713156
0	0	0.916967401	0.015007828	0.068024771
0	0	0.929335213	0.000477338	0.070187449
0	0	0.543270973	0.000767596	0.455961431
0	0	0.871412561	0.001380458	0.127206981
0	0	0.815492545	0.001725803	0.182781652
0	0	0.955068586	0.000280126	0.044651288
0	0	0.9959613	0.000126857	0.003911842
0	0	0.97616813	0.000697143	0.023134727
0	0	0.868020353	0.002332674	0.129646973
0	0	0.998295211	4.0731E-06	0.001700715
0	0	0.957150926	0.000265819	0.042583254
0	0	0.741228741	0.001993933	0.256777325
0	0	0.726343051	0.003251519	0.27040543
0	0	0.993470167	0.002977857	0.003551976
0	0	0.87731427	0.00259287	0.12009286
0	0	0.973444715	0.000455136	0.026100149
0	0	0.962568561	0.00029104	0.037140399
0	2	0.229874724	0.002705088	0.767420188
0	0	0.881017322	0.000912723	0.118069955
0	0	0.988081629	0.00042391	0.011494462
0	0	0.621389676	0.092476854	0.286133471
0	0	0.944620618	0.001868589	0.053510794
0	0	0.672295113	0.001639674	0.326065213
0	0	0.676190544	0.001576449	0.322233007
0	0	0.907900723	0.004643345	0.087455932
0	0	0.533182101	0.026030346	0.440787553
0	0	0.979801688	0.000588105	0.019610207
0	0	0.986372553	0.001773818	0.01185363
0	0	0.799695024	0.016305956	0.183999021
0	0	0.716076847	0.008671029	0.275252123
0	0	0.965291314	0.00042636	0.034282326
0	0	0.785956156	0.006591632	0.207452212
0	0	0.957812405	0.000351816	0.041835779
0	0	0.986862821	0.000268053	0.012869125
0	0	0.942049167	0.000561557	0.057389277
0	0	0.892127611	0.001056233	0.106816156
0	0	0.882291866	0.014801417	0.102906717
0	0	0.748239305	0.010078686	0.24168201
0	0	0.990664488	0.000701788	0.008633724
0	0	0.851654234	0.002568394	0.145777373
0	0	0.930070075	0.00022577	0.069704155
0	0	0.989177817	0.000624361	0.010197821
0	0	0.976063221	0.000426743	0.023510035
0	0	0.992140535	0.000783068	0.007076396
0	0	0.968803886	0.001569822	0.029626292
0	0	0.863424639	0.006396856	0.130178505
0	0	0.993848939	0.0006761	0.005474961
0	0	0.832179341	0.016508047	0.151312612
0	0	0.968488895	0.001602776	0.029908329
0	0	0.973617348	0.002084061	0.024298591
0	0	0.999108895	3.06864E-05	0.000860419
0	0	0.998156325	0.000123528	0.001720147
0	0	0.969291416	0.000417139	0.030291444
0	0	0.938040079	6.78126E-05	0.061892108
0	0	0.948117838	0.000294693	0.051587469
0	0	0.989879308	0.000157644	0.009963048
0	0	0.971711864	0.000179992	0.028108143
0	0	0.990630977	0.000406587	0.008962436
0	0	0.690956561	0.0014506	0.307592839
0	0	0.944898289	0.00034624	0.054755471
0	0	0.817924703	0.012131074	0.169944223
0	0	0.959330747	0.0008227	0.039846553
0	0	0.989938671	0.000113613	0.009947716
0	0	0.931283182	0.001416605	0.067300213
0	0	0.982347749	7.42992E-05	0.017577952
0	0	0.85916588	0.002763953	0.138070167
0	0	0.855184948	0.012892139	0.131922913
0	0	0.9035206	0.001268074	0.095211326
0	0	0.535425738	0.279628574	0.184945688
0	0	0.987442247	0.000168641	0.012389112
0	0	0.956824261	0.001169434	0.042006306
0	0	0.930475975	0.000531632	0.068992393
0	0	0.980356532	0.001101878	0.01854159
0	0	0.993914525	9.81117E-05	0.005987364
0	0	0.981878799	0.001005986	0.017115216
0	0	0.91871212	0.00070608	0.0805818
0	0	0.991354503	5.65841E-05	0.008588913
0	0	0.976641803	0.000369103	0.022989095
0	0	0.945647737	0.004688769	0.049663494
0	0	0.880198496	0.080555585	0.039245918
0	0	0.900613778	0.011926663	0.087459559
0	0	0.968466832	0.002480386	0.029052782
0	0	0.802195948	0.00335836	0.194445691
0	0	0.879860383	0.002413223	0.117726394
0	0	0.965807365	0.001233634	0.032959001
0	0	0.944552811	0.000459375	0.054987814
0	0	0.889214184	0.000933362	0.109852454
0	0	0.934385862	0.003256293	0.062357845
0	0	0.825977468	0.003465883	0.170556649
0	0	0.997650102	5.10629E-05	0.002298835
0	0	0.98206585	0.000865246	0.017068905
0	0	0.952794166	0.001193988	0.046011846
0	0	0.992020207	0.000372225	0.007607568
0	0	0.911807256	0.030030953	0.058161791
0	0	0.965792224	0.000472342	0.033735433
0	0	0.943924558	0.001338094	0.054737347
0	0	0.991505095	7.64685E-05	0.008418436
0	0	0.989178485	0.001053876	0.009767639
0	0	0.711445287	0.003893851	0.284660863
0	0	0.971465321	0.000156924	0.028377755
0	0	0.922977685	0.000796128	0.076226186
0	2	0.402432104	0.004667513	0.592900383
0	0	0.838050805	0.008283609	0.153665586
0	0	0.778839224	0.002416221	0.218744556
0	0	0.855410119	0.013053823	0.131536059
0	0	0.975555611	0.001012282	0.023432107
0	0	0.928662174	0.00087079	0.070467036
0	2	0.232066518	0.043112977	0.724820505
0	0	0.95293512	6.49165E-05	0.046999963
0	0	0.982120987	0.000299846	0.017579167
0	0	0.860513621	0.002411212	0.137075168
0	0	0.978510137	0.00045395	0.021035914
0	0	0.943546341	0.000493193	0.055960466
0	0	0.914512699	0.000806293	0.084681008
0	0	0.870294889	0.000560589	0.129144523
0	0	0.982106106	0.000313235	0.017580659
0	0	0.949107519	0.000253478	0.050639003
0	0	0.991531251	0.00011383	0.008354919
0	0	0.830778306	0.002393754	0.16682794
0	0	0.92645808	0.000431654	0.073110266
0	0	0.992266584	0.000167209	0.007566206
0	0	0.967093376	0.000463289	0.032443336
0	0	0.958374604	0.004110476	0.03751492
0	0	0.899763458	0.00287494	0.097361602
0	0	0.949544614	0.000537344	0.049918043
0	0	0.918231658	0.004099847	0.077668495
0	0	0.973253057	0.000103472	0.026643471
0	2	0.280696799	0.010360237	0.708942965
0	0	0.601118611	0.021108848	0.377772541
0	0	0.896241053	0.002739867	0.10101908
0	0	0.956576522	0.000291668	0.04313181
0	0	0.817687615	0.000807898	0.181504487
0	0	0.857934589	0.000377354	0.141688057
0	0	0.634877785	0.006728367	0.358393848
0	1	0.00398532	0.995074592	0.000940088
0	0	0.641729057	0.003537662	0.354733281
0	0	0.956699509	0.002193041	0.041107449
0	0	0.887860441	0.000383934	0.111755625
0	0	0.699023133	0.003247819	0.297729047
0	0	0.922454875	0.002180466	0.07536466
0	0	0.624221608	0.001423054	0.374355338
0	0	0.958963268	0.000258322	0.04077841
0	0	0.69264061	0.004426509	0.302932881
0	0	0.95233469	0.000600926	0.047064384
0	0	0.866433304	0.000335607	0.133231089
0	0	0.601849498	0.007111459	0.391039043
0	0	0.943659501	0.000613463	0.055727035
0	0	0.929095697	0.000340892	0.07056341
0	0	0.829483588	0.00197132	0.168545092
0	0	0.869005203	0.009454106	0.121540691
0	0	0.820169703	0.00050324	0.179327057
0	0	0.981553058	0.000197471	0.018249471
0	0	0.97304744	0.000492595	0.026459965
0	0	0.885646575	0.001350018	0.113003407
0	0	0.895273181	0.002117485	0.102609334
0	0	0.66837415	0.007624358	0.324001492
0	1	0.176320047	0.776503222	0.047176731
0	0	0.550455728	0.00424502	0.445299252
0	0	0.754341632	0.000686016	0.244972353
0	0	0.79824746	0.001231606	0.200520934
0	0	0.936468635	0.000463206	0.063068159
0	0	0.853251797	0.001163991	0.145584212
0	0	0.851018907	0.002596941	0.146384152
0	0	0.710961115	0.000820713	0.288218173
0	0	0.974907402	0.000292627	0.024799971
0	0	0.960442866	8.89656E-05	0.039468169
0	0	0.751118891	0.002380627	0.246500482
0	0	0.583988492	0.004358297	0.411653212
0	0	0.852436262	0.003176559	0.14438718
0	0	0.914854076	0.000289171	0.084856753
0	0	0.959299955	0.000272805	0.04042724
0	0	0.990252943	0.000353158	0.009393899
0	0	0.946900456	0.000242342	0.052857202
0	2	0.151424346	0.002349931	0.846225722
0	0	0.73674237	0.021861744	0.241395886
0	0	0.883182407	0.002927743	0.11388985
0	0	0.548069544	0.01612228	0.435808176
0	0	0.90780298	0.016402395	0.075794624
0	0	0.972475814	0.001691381	0.025832805
0	0	0.972015926	0.001225038	0.026759035
0	0	0.819471238	0.021106041	0.159422721
0	0	0.980292212	0.000426199	0.019281589
0	0	0.966648275	0.000215248	0.033136477
0	0	0.984084946	0.000244049	0.015671005
0	0	0.900519678	0.003497233	0.095983089
0	0	0.95820773	0.000251947	0.041540323
0	0	0.95444921	0.000186082	0.045364707
0	0	0.966030554	0.000131073	0.033838373
0	0	0.99373976	0.000339417	0.005920822
0	0	0.655011348	0.001672221	0.343316431
0	0	0.896919437	0.000364753	0.10271581
0	0	0.886878992	0.003950762	0.109170246
0	0	0.740157499	0.03806758	0.221774921
0	0	0.968527529	0.000998378	0.030474093
0	0	0.955322862	0.00138161	0.043295528
0	0	0.787007695	0.000917721	0.212074584
0	0	0.906174081	0.000943774	0.092882145
0	0	0.690121549	0.004952873	0.304925578
0	0	0.898625193	0.000289374	0.101085433
0	0	0.953042708	0.000466247	0.046491045
0	0	0.951733878	0.000305253	0.047960869
0	0	0.939137073	0.017571204	0.043291722
0	0	0.961356924	0.000155105	0.038487971
0	0	0.983349306	0.000158875	0.016491818
0	0	0.913688777	0.000633744	0.085677479
0	0	0.905310134	0.004962341	0.089727525
0	0	0.924990173	0.000704465	0.074305362
0	0	0.971425867	0.000135033	0.0284391
0	0	0.800108571	0.002290906	0.197600523
0	0	0.993898002	3.03225E-05	0.006071675
0	0	0.927152125	0.000273082	0.072574793
0	0	0.839826178	0.001063957	0.159109865
0	0	0.806736364	0.001781039	0.191482597
0	0	0.666415436	0.000427763	0.333156801
0	0	0.987878665	7.62117E-05	0.012045123
0	0	0.928390579	0.000440763	0.071168658
0	0	0.928919308	0.000572995	0.070507697
0	1	0.244818851	0.723874874	0.031306275
0	0	0.93023762	0.000773863	0.068988516
0	0	0.995286095	1.31167E-05	0.004700788
0	0	0.847621194	0.000689584	0.151689221
0	0	0.671070874	0.002479792	0.326449334
0	0	0.89171937	0.001267506	0.107013123
0	0	0.93325999	0.000407255	0.066332755
0	0	0.849357174	0.000320806	0.150322021
0	0	0.878928839	0.00202588	0.119045282
0	0	0.883864289	0.001517863	0.114617848
0	0	0.963000962	0.000526689	0.036472349
0	0	0.989029002	0.000851908	0.010119089
0	0	0.75082336	0.043548289	0.205628351
0	0	0.98284796	0.000205657	0.016946383
0	0	0.965795167	0.000771554	0.033433279
0	0	0.916068289	0.000327748	0.083603962
0	0	0.964090933	0.001047478	0.034861589
0	0	0.981382298	0.000965472	0.017652229
0	0	0.914770469	0.000702348	0.084527183
0	0	0.825507616	0.004152035	0.170340349
0	0	0.849266654	0.001908034	0.148825312
0	0	0.834690874	0.000866547	0.164442579
0	0	0.853734984	0.001194372	0.145070644
0	0	0.894270181	0.001467717	0.104262103
0	0	0.731618999	0.000549009	0.267831991
0	0	0.898253733	0.000975069	0.100771198
0	0	0.846663085	0.001637225	0.15169969
0	0	0.493655022	0.343379736	0.162965242
0	0	0.945428486	0.001696111	0.052875402
0	2	0.358840787	0.001536303	0.63962291
0	0	0.704143688	0.006811296	0.289045015
0	0	0.477224895	0.314910307	0.207864798
0	0	0.524356021	0.002277028	0.473366951
0	0	0.914374806	0.000489995	0.085135198
0	0	0.967593533	0.000156658	0.032249808
0	0	0.881450476	0.001608607	0.116940916
0	0	0.694315027	0.002777985	0.302906988
0	0	0.971720069	0.000741906	0.027538025
0	0	0.900605086	0.001512504	0.09788241
0	0	0.981005991	0.000249918	0.018744091
0	0	0.974103918	0.000797334	0.025098749
0	0	0.984153652	4.67885E-05	0.015799559
0	0	0.910761352	0.000492422	0.088746226
0	0	0.824460472	0.000584458	0.17495507
0	0	0.882185263	0.001790155	0.116024582
0	0	0.935675667	0.003955745	0.060368588
0	0	0.915869855	0.00042719	0.083702954
0	0	0.986493068	0.000238916	0.013268016
0	2	0.321923246	0.048521798	0.629554956
0	0	0.938390978	0.00049345	0.061115571
0	0	0.737852211	0.001246131	0.260901658
0	0	0.943592822	0.00118886	0.055218318
0	0	0.662001482	0.001676935	0.336321583
0	0	0.465544802	0.069979919	0.464475279
0	0	0.848308326	0.001885219	0.149806455
0	2	0.418619214	0.087318444	0.494062343
0	0	0.859621608	0.046020746	0.094357646
0	0	0.630618378	0.012750888	0.356630735
0	2	0.12317872	0.230151159	0.646670121
0	0	0.876095633	0.00072085	0.123183517
0	0	0.940486438	0.000403732	0.059109829
0	0	0.937852912	0.000124842	0.062022246
0	0	0.863340124	0.000134742	0.136525134
0	1	0.451535458	0.477686139	0.070778402
0	0	0.723350865	0.090305141	0.186343994
0	0	0.846044697	0.000796978	0.153158325
0	0	0.908079141	0.001954885	0.089965974
0	0	0.967042572	0.000173365	0.032784063
0	0	0.909624712	0.001615642	0.088759646
0	0	0.960665724	0.000249755	0.039084521
0	0	0.891222526	0.000532802	0.108244672
0	0	0.582087722	0.000856005	0.417056273
0	2	0.488503301	0.001070415	0.510426284
0	0	0.976391063	0.000287729	0.023321209
0	0	0.929466499	0.004688022	0.065845479
0	0	0.609746529	0.004675534	0.385577937
0	2	0.484219864	0.008461607	0.507318529
0	0	0.958532464	0.00194372	0.039523816
0	0	0.876064298	0.000472952	0.12346275
0	0	0.944922181	0.011680287	0.043397532
0	0	0.960262337	0.000813838	0.038923824
0	0	0.970047016	0.000303506	0.029649479
0	0	0.85637511	0.000372435	0.143252455
0	0	0.977195909	0.000210028	0.022594063
0	0	0.929081505	0.00074319	0.070175305
0	0	0.977448671	0.000151669	0.02239966
0	0	0.509204857	0.006957014	0.483838128
0	0	0.942604015	0.001875821	0.055520164
0	0	0.986067342	0.000374009	0.013558649
0	0	0.7479336	0.001000815	0.251065586
0	0	0.759633513	0.003963931	0.236402556
0	2	0.402277667	0.005937823	0.59178451
0	0	0.924477487	0.000361797	0.075160716
0	0	0.817976932	0.002027157	0.179995911
0	0	0.907602725	0.000625319	0.091771956
0	0	0.936174326	0.000473976	0.063351698
0	0	0.997757905	5.29509E-05	0.002189144
0	0	0.892150146	0.000538501	0.107311352
0	0	0.846822205	0.000902389	0.152275406
0	0	0.736586079	0.004233064	0.259180856
0	0	0.741845045	0.019399366	0.238755589
0	0	0.932281974	0.000466795	0.067251231
0	0	0.801743479	0.000529241	0.19772728
0	0	0.607822542	0.07016734	0.322010118
0	2	0.344831813	0.01171016	0.643458027
0	0	0.920583812	0.001572093	0.077844095
0	2	0.453418967	0.003631394	0.542949639
0	0	0.924518649	0.000467467	0.075013884
0	0	0.958247942	0.001308533	0.040443525
0	0	0.927435309	0.001105749	0.071458942
0	0	0.914648787	0.001071586	0.084279626
0	2	0.229511362	0.000209832	0.770278806
0	0	0.872450452	0.001886279	0.125663269
0	0	0.862165508	0.000262514	0.137571978
0	0	0.681541238	0.002264506	0.316194256
0	0	0.927033713	0.001681002	0.071285286
0	0	0.954931396	0.000285116	0.044783488
0	0	0.870334811	0.002717135	0.126948054
0	0	0.932741618	0.002424507	0.064833875
0	0	0.967741834	0.000692647	0.031565519
0	0	0.828265885	0.000910041	0.170824074
0	0	0.866802308	0.001526093	0.131671599
0	0	0.955759194	0.000890837	0.043349969
0	0	0.922667173	0.000381848	0.076950979
0	0	0.838581425	0.000979916	0.160438659
0	0	0.662729774	0.001721451	0.335548775
0	0	0.982095863	0.00021963	0.017684507
0	0	0.763709514	0.002555601	0.233734884
0	0	0.777184201	0.00032686	0.222488939
0	0	0.828122336	0.000467227	0.171410436
0	0	0.649839491	0.00142095	0.348739559
0	0	0.982327421	0.000348027	0.017324552
0	0	0.726894887	0.001001783	0.27210333
0	0	0.948560845	0.000478905	0.050960251
0	0	0.908055097	0.003692136	0.088252768
0	0	0.908033104	0.001527421	0.090439474
0	0	0.870062913	0.001175114	0.128761972
0	0	0.927123589	0.000910908	0.071965503
0	0	0.682953254	0.003004846	0.3140419
0	0	0.931481643	0.000703826	0.06781453
0	0	0.862473829	0.000495496	0.137030675
0	0	0.917558832	0.00112729	0.081313878
0	0	0.98443662	0.000264654	0.015298725
0	0	0.764757389	0.008716856	0.226525755
0	0	0.908150613	0.00142534	0.090424047
0	0	0.551285716	0.013275938	0.435438346
0	2	0.459188415	0.001625573	0.539186012
0	0	0.503352135	0.001334811	0.495313054
0	0	0.647712817	0.003923356	0.348363827
0	0	0.808263459	0.00847981	0.183256731
0	0	0.582679997	0.007901386	0.409418617
0	0	0.907637032	5.36993E-05	0.092309269
0	0	0.926329318	0.000956982	0.0727137
0	0	0.775536086	0.010318666	0.214145248
0	0	0.970575974	0.003047098	0.026376928
0	0	0.728524722	0.003036852	0.268438426
0	0	0.930623031	0.000332257	0.069044712
0	0	0.717477594	0.001694592	0.280827814
0	0	0.824469983	0.002331101	0.173198916
0	0	0.851418203	0.001688944	0.146892853
0	0	0.961143258	0.000157367	0.038699376
0	0	0.767530889	0.001547404	0.230921707
0	0	0.958874442	0.003576055	0.037549503
0	0	0.934013801	0.001374777	0.064611423
0	0	0.580458618	0.000730898	0.418810484
0	0	0.814652643	0.002296903	0.183050454
0	0	0.542680301	0.001352724	0.455966975
0	0	0.909106811	0.002370172	0.088523016
0	0	0.871985284	0.004584919	0.123429797
0	0	0.93488789	0.000245914	0.064866196
0	0	0.933860995	0.002474473	0.063664531
0	0	0.918649886	0.001319833	0.080030281
0	0	0.890106691	8.44362E-05	0.109808873
0	0	0.970051789	0.000742932	0.029205278
0	2	0.298089117	0.01809241	0.683818473
0	0	0.831182051	0.000820492	0.167997457
0	0	0.89256241	0.001134278	0.106303312
0	0	0.82389266	0.000747471	0.175359869
0	0	0.7323465	0.001185606	0.266467894
0	0	0.944286172	0.000427299	0.055286528
0	0	0.986801847	0.000193993	0.013004159
0	0	0.72424043	0.016605325	0.259154245
0	0	0.987476825	4.28544E-05	0.01248032
0	0	0.95630778	0.000589771	0.043102449
0	0	0.923348204	0.000699427	0.075952369
0	0	0.928782803	0.001008309	0.070208888
0	0	0.834706434	0.00079858	0.164494986
0	0	0.888564469	0.00135555	0.110079981
0	0	0.769022477	0.000553729	0.230423794
0	0	0.818270151	0.003175587	0.178554261
0	0	0.916784061	0.000453696	0.082762243
0	0	0.904840386	0.000161356	0.094998258
0	0	0.708299801	0.000425312	0.291274887
0	0	0.923202951	0.000940117	0.075856932
0	0	0.749679939	0.001645174	0.248674887
0	0	0.951042296	0.000564541	0.048393163
0	0	0.975033749	0.000200242	0.024766008
0	2	0.359576118	0.005613789	0.634810093
0	0	0.9760448	0.000774768	0.023180432
0	0	0.806019242	0.001632492	0.192348266
0	0	0.940808141	0.001969814	0.057222045
0	0	0.649400501	0.001886361	0.348713138
0	0	0.535438552	0.002181878	0.46237957
0	0	0.965679114	0.000376225	0.033944662
0	0	0.902815596	0.002094926	0.095089478
0	0	0.752194668	0.006419853	0.24138548
0	0	0.777748167	0.001508028	0.220743806
0	2	0.399168266	0.008371918	0.592459815
0	0	0.927693495	0.003237824	0.069068681
0	0	0.975592832	0.000243618	0.02416355
0	0	0.910023404	0.002849291	0.087127304
0	0	0.81799588	0.000340397	0.181663723
0	0	0.875203195	0.000849554	0.123947251
0	0	0.823018093	0.00250748	0.174474428
0	0	0.937192988	0.002996033	0.059810978
0	2	0.469674066	0.018062518	0.512263416
0	0	0.950794381	0.000397444	0.048808175
0	0	0.890818466	0.000942651	0.108238883
0	0	0.819655354	0.001165889	0.179178757
0	0	0.93888032	0.011910115	0.049209565
0	0	0.893717208	0.001907874	0.104374919
0	0	0.977239134	0.000181615	0.022579251
0	0	0.978165658	0.000549844	0.021284499
0	0	0.992350564	0.000481079	0.007168357
0	0	0.97340652	0.000216233	0.026377247
0	0	0.781674677	0.006907022	0.211418301
0	0	0.973063733	0.00045733	0.026478937
0	0	0.81705148	0.002832337	0.180116183
0	0	0.840270582	0.002182397	0.157547021
0	0	0.83660019	0.000823696	0.162576114
0	0	0.971497895	0.000264938	0.028237167
0	0	0.950487838	0.000263837	0.049248325
0	0	0.978871972	0.000322872	0.020805156
0	0	0.626851763	0.001625491	0.371522746
0	0	0.549897715	0.006010045	0.44409224
0	0	0.991681187	0.000102664	0.00821615
0	0	0.94673525	0.002188507	0.051076243
0	0	0.913561109	0.001532423	0.084906468
0	0	0.552435713	0.001109975	0.446454312
0	0	0.884175681	0.001062852	0.114761467
0	0	0.788664674	0.000127791	0.211207535
0	0	0.930901159	0.002308858	0.066789982
0	0	0.771132842	0.000886531	0.227980627
0	1	0.126980307	0.521511856	0.351507838
0	0	0.977780744	0.000408888	0.021810368
0	0	0.695501901	0.001528113	0.302969986
0	0	0.986208607	7.53258E-05	0.013716067
0	0	0.956345866	0.000528411	0.043125723
0	0	0.975288137	0.000136782	0.024575081
0	0	0.876685957	0.002657402	0.120656642
0	2	0.37473937	0.022493599	0.602767031
0	0	0.918405735	0.000197195	0.081397069
0	0	0.948097595	0.001383003	0.050519401
0	0	0.895107444	0.009170976	0.095721579
0	0	0.836557534	0.000858383	0.162584082
0	0	0.682416387	0.018165787	0.299417826
0	0	0.959814252	0.002380808	0.03780494
0	0	0.979613569	0.000337854	0.020048577
0	0	0.803001938	0.002707044	0.194291018
0	0	0.962966522	0.000379621	0.036653856
0	0	0.91736547	0.002130605	0.080503925
0	0	0.957364925	0.000305558	0.042329517
0	0	0.940795721	0.000984448	0.058219831
0	0	0.915156947	0.001071324	0.083771728
0	0	0.920370826	0.001342558	0.078286616
0	0	0.80989777	0.006015311	0.184086919
0	0	0.9353504	0.000499784	0.064149816
0	0	0.930629291	0.00112183	0.068248879
0	0	0.90183096	0.000505618	0.097663422
0	0	0.984297222	9.25254E-05	0.015610252
0	0	0.98916887	6.65079E-05	0.010764623
0	0	0.784490355	0.000682382	0.214827263
0	0	0.932377115	0.001153773	0.066469112
0	0	0.900930709	0.000857296	0.098211994
0	0	0.956275519	0.001354248	0.042370233
0	0	0.983115911	0.000242132	0.016641957
0	0	0.942575349	0.00133138	0.056093271
0	2	0.372926054	0.022042671	0.605031276
0	0	0.852027373	0.001795563	0.146177064
0	0	0.945281271	0.000393837	0.054324891
0	0	0.930299702	0.001016949	0.068683349
0	0	0.840518478	0.00120891	0.158272612
0	0	0.868508614	0.003970839	0.127520547
0	2	0.355863425	0.006577449	0.637559126
0	0	0.968052079	0.000451124	0.031496798
0	0	0.742764685	0.001720783	0.255514532
0	0	0.927301815	0.001755018	0.070943167
0	0	0.907314368	0.00054749	0.092138142
0	0	0.937875107	0.000299338	0.061825555
0	0	0.736902891	0.003934391	0.259162718
0	0	0.974590204	0.000185262	0.025224534
0	2	0.398657351	0.001419071	0.599923578
0	0	0.888173657	0.002255941	0.109570402
0	0	0.990484865	0.003442488	0.006072647
0	0	0.925979169	0.000103173	0.073917658
0	0	0.884901473	0.001896246	0.11320228
0	0	0.600529378	0.003352853	0.396117769
0	0	0.925571155	0.001044471	0.073384373
0	0	0.689281479	0.004178071	0.30654045
0	0	0.969510045	0.000393998	0.030095957
0	0	0.784196062	0.000777913	0.215026025
0	0	0.941897634	0.000802596	0.057299769
0	0	0.54647645	0.214110281	0.239413268
0	0	0.874422708	0.001256668	0.124320624
0	0	0.988749761	0.000159158	0.011091081
0	0	0.525160227	0.002969826	0.471869947
0	0	0.959240629	0.000832803	0.039926568
0	0	0.980447478	0.00011687	0.019435651
0	0	0.859790763	0.000230706	0.139978531
0	0	0.83470333	0.0022598	0.16303687
0	0	0.658994438	0.007247924	0.333757638
0	0	0.947502234	0.000534903	0.051962863
0	0	0.788082766	0.001181876	0.210735358
0	0	0.854067327	0.001846718	0.144085955
0	0	0.990331643	5.60921E-05	0.009612265
0	0	0.966079289	0.000252775	0.033667935
0	0	0.890808264	0.000563735	0.108628001
0	0	0.929425317	0.002509457	0.068065226
0	0	0.961566234	0.001216847	0.037216918
0	2	0.43396556	0.000446849	0.565587591
0	0	0.97123978	0.00024399	0.028516229
0	0	0.799055438	0.004725769	0.196218793
0	2	0.033151159	0.012262891	0.95458595
1	1	3.63206E-05	0.99987571	8.79692E-05
1	1	9.67743E-06	0.99998619	4.13256E-06
1	1	0.000119309	0.999104488	0.000776203
1	1	0.000261435	0.999573954	0.000164611
1	1	0.000889064	0.995568855	0.003542081
1	1	0.000129668	0.999667459	0.000202873
1	1	1.20383E-05	0.999982688	5.27402E-06
1	1	6.37435E-06	0.999971344	2.22821E-05
1	1	0.022896069	0.969194426	0.007909505
1	1	0.002399333	0.995545635	0.002055031
1	1	0.011980418	0.985228377	0.002791205
1	1	0.000131706	0.999265258	0.000603035
1	1	0.000349556	0.999054906	0.000595538
1	1	0.000122201	0.999658317	0.000219482
1	1	0.002758348	0.996981104	0.000260548
1	1	0.002337056	0.996642546	0.001020397
1	1	8.18064E-05	0.99974539	0.000172804
1	1	7.13724E-05	0.999700179	0.000228448
1	1	0.000784329	0.99373749	0.005478181
1	1	0.000802713	0.997788764	0.001408523
1	1	0.000938908	0.994919988	0.004141104
1	1	0.000112923	0.999694152	0.000192926
1	1	0.000368115	0.998786665	0.00084522
1	1	7.26396E-05	0.999699232	0.000228129
1	1	0.000599836	0.998246895	0.001153269
1	1	0.000147744	0.999268678	0.000583578
1	1	0.000120066	0.999727926	0.000152009
1	1	0.000129662	0.999722127	0.00014821
1	1	7.02672E-05	0.999794715	0.000135018
1	1	0.000228857	0.999485771	0.000285373
1	1	6.56836E-05	0.999739482	0.000194834
1	1	0.000187687	0.999567283	0.000245029
1	1	0.000216336	0.999320894	0.00046277
1	1	0.000315801	0.994913676	0.004770523
1	1	0.000157458	0.999745412	9.71305E-05
1	1	0.000400006	0.998171066	0.001428928
1	1	6.49997E-05	0.999771375	0.000163626
1	1	0.000128193	0.999729563	0.000142243
1	1	0.000107623	0.99962554	0.000266836
1	1	0.000377146	0.999420761	0.000202094
1	1	0.000188371	0.999503193	0.000308436
1	1	7.87189E-05	0.999872843	4.84379E-05
1	1	0.039599614	0.912619802	0.047780584
1	1	6.59281E-05	0.999854396	7.96757E-05
1	1	0.021411742	0.960966411	0.017621847
1	1	0.004760449	0.992614128	0.002625423
1	1	7.59755E-05	0.999800392	0.000123632
1	1	0.000168376	0.999691068	0.000140555
1	1	0.00020309	0.998939814	0.000857096
1	1	0.000518388	0.998813455	0.000668157
1	1	0.000198356	0.999051953	0.000749692
1	1	0.000324576	0.998311364	0.00136406
1	1	6.57291E-05	0.999731203	0.000203068
1	1	0.000248212	0.999071999	0.000679789
1	1	6.71208E-05	0.999883329	4.95506E-05
1	1	7.05982E-05	0.999794627	0.000134775
1	0	0.525126806	0.396644245	0.078228949
1	1	0.000103477	0.999734191	0.000162332
1	1	0.000143748	0.999752421	0.000103831
1	1	1.98139E-05	0.999974726	5.45965E-06
1	1	0.000115877	0.999316007	0.000568116
1	1	0.000244307	0.999314614	0.000441079
1	1	0.000137479	0.999658062	0.000204459
1	1	0.011008177	0.987857384	0.001134439
1	1	0.002066683	0.984412307	0.013521011
1	1	0.002268723	0.994576503	0.003154775
1	1	0.000247291	0.997955368	0.001797341
1	1	0.000188283	0.998935822	0.000875895
1	1	0.000282313	0.999505448	0.00021224
1	1	0.001551222	0.997790453	0.000658325
1	1	0.000150822	0.999590004	0.000259174
1	1	7.8856E-05	0.999812831	0.000108313
1	1	0.001182397	0.997990442	0.000827161
1	1	0.000348684	0.998854946	0.000796371
1	1	6.22101E-05	0.999706142	0.000231647
1	1	0.000432473	0.998110841	0.001456686
1	1	0.000165796	0.99904938	0.000784824
1	1	0.000219198	0.99886612	0.000914682
1	1	0.000118866	0.999283611	0.000597524
1	1	0.000116667	0.999709687	0.000173646
1	1	0.000132394	0.999572456	0.00029515
1	1	0.000207744	0.999194547	0.000597709
1	1	0.000132798	0.999620586	0.000246616
1	1	0.000129582	0.99980473	6.56879E-05
1	1	9.42726E-05	0.999780217	0.000125511
1	1	0.001617299	0.997904699	0.000478001
1	1	0.000639395	0.999212099	0.000148506
1	1	5.29176E-05	0.999924539	2.25432E-05
1	1	4.90454E-05	0.999836091	0.000114864
1	1	0.000613193	0.998170251	0.001216556
1	1	0.000544105	0.997734067	0.001721828
1	1	0.000115969	0.999812034	7.19969E-05
1	1	3.6384E-05	0.999917307	4.63086E-05
1	1	7.12064E-05	0.999772023	0.00015677
1	1	2.26879E-05	0.999922307	5.50055E-05
1	1	0.000188418	0.999653571	0.000158011
1	1	0.00032438	0.998607327	0.001068293
1	1	0.000379251	0.998589218	0.00103153
1	1	0.000202394	0.999407734	0.000389872
1	1	5.16868E-05	0.999792524	0.000155789
1	1	9.42846E-05	0.999507769	0.000397947
1	1	0.000114336	0.999534959	0.000350705
1	1	0.000299258	0.999396018	0.000304724
1	1	2.99212E-05	0.999858183	0.000111896
1	1	0.00025658	0.999329431	0.000413989
1	1	0.002784316	0.987327879	0.009887805
1	1	4.81504E-05	0.999819449	0.0001324
1	1	7.97601E-05	0.9997127	0.00020754
1	1	7.64534E-06	0.999985156	7.19867E-06
1	1	1.1528E-05	0.999971238	1.7234E-05
1	1	0.000405564	0.99896773	0.000626706
1	1	0.000578091	0.976598748	0.022823161
1	1	0.000590068	0.998229261	0.001180671
1	1	0.001421249	0.993104607	0.005474144
1	1	0.00018969	0.999579916	0.000230394
1	1	0.000999327	0.992202005	0.006798668
1	1	0.000199316	0.999479893	0.000320791
1	1	0.001376068	0.988441847	0.010182085
1	1	0.000631544	0.99795927	0.001409186
1	1	0.000872884	0.996896569	0.002230547
1	1	0.007472497	0.919959126	0.072568376
1	1	0.138960482	0.697002915	0.164036603
1	1	4.63485E-05	0.999879018	7.46335E-05
1	1	0.000310167	0.999200222	0.000489611
1	1	2.13673E-05	0.999951497	2.7136E-05
1	1	7.42131E-05	0.999830285	9.55014E-05
1	1	1.66308E-05	0.999943958	3.94114E-05
1	1	0.000511331	0.999207623	0.000281046
1	0	0.440564052	0.145977988	0.41345796
1	1	0.001956536	0.991357734	0.00668573
1	1	0.000516428	0.997728375	0.001755197
1	1	0.00118395	0.997304921	0.001511128
1	1	0.000180925	0.999369825	0.00044925
1	1	6.14102E-05	0.999865989	7.26008E-05
1	1	0.000281533	0.999240973	0.000477494
1	1	0.000191261	0.999229428	0.000579311
1	1	0.000141131	0.999678196	0.000180673
1	1	6.91079E-05	0.999558641	0.000372251
1	1	0.000249027	0.998753362	0.000997611
1	1	2.91393E-05	0.999875632	9.52292E-05
1	1	0.002465264	0.977793716	0.01974102
1	1	0.002001871	0.992654087	0.005344042
1	1	6.92251E-05	0.999853469	7.73054E-05
1	1	2.08817E-05	0.999963894	1.5224E-05
1	1	5.59293E-05	0.999877817	6.62535E-05
1	1	0.000162437	0.9994804	0.000357162
1	1	0.000228017	0.998510655	0.001261328
1	1	0.000266807	0.998317426	0.001415767
1	1	0.000343664	0.998553916	0.00110242
1	1	0.001754657	0.990463656	0.007781687
1	1	0.000334342	0.999055105	0.000610553
1	1	3.55055E-06	0.999992074	4.37586E-06
1	1	4.83479E-05	0.999813089	0.000138563
1	1	2.60504E-05	0.999922888	5.10616E-05
1	1	1.44541E-05	0.999966188	1.93574E-05
1	1	2.86695E-05	0.999922555	4.87757E-05
1	1	3.17004E-05	0.999917968	5.03314E-05
1	1	0.000216135	0.999190861	0.000593004
1	1	8.93656E-05	0.999825661	8.49732E-05
1	1	1.6731E-05	0.999954727	2.85417E-05
1	1	5.661E-06	0.999989767	4.57223E-06
1	0	0.503439451	0.448031458	0.048529092
1	1	0.000157201	0.999615645	0.000227154
1	1	5.43405E-05	0.99985958	8.60794E-05
1	1	0.000102441	0.999581416	0.000316142
1	1	7.84586E-06	0.999975344	1.68102E-05
1	1	3.76939E-05	0.999888636	7.36703E-05
1	1	0.046290936	0.82323869	0.130470374
1	1	3.53576E-05	0.999902208	6.24342E-05
1	1	0.000189879	0.999574863	0.000235259
1	2	0.304159071	0.138068622	0.557772306
1	1	0.003054172	0.982016787	0.014929041
1	1	0.000124831	0.999748147	0.000127022
1	1	0.000372144	0.999471602	0.000156254
1	2	0.12313515	0.180563503	0.696301346
1	1	1.10472E-05	0.999966519	2.2434E-05
1	1	1.9752E-05	0.99994325	3.69976E-05
1	1	0.000109494	0.99946034	0.000430166
1	1	9.49212E-05	0.999736341	0.000168738
1	1	2.06246E-06	0.999990802	7.13564E-06
1	1	6.20764E-05	0.999855993	8.19301E-05
1	1	2.84336E-05	0.99996053	1.10361E-05
1	1	0.000229786	0.999336257	0.000433957
1	1	3.52348E-05	0.999923309	4.14561E-05
1	1	4.78906E-05	0.99980937	0.000142739
1	1	5.29773E-05	0.999852072	9.49512E-05
1	1	4.80132E-05	0.999865864	8.6123E-05
1	1	0.000562234	0.995219335	0.004218431
1	1	3.00305E-05	0.999902281	6.76883E-05
1	1	0.037538543	0.837204382	0.125257075
1	1	0.001725669	0.996166805	0.002107526
1	1	0.000102169	0.999615374	0.000282457
1	1	0.000115632	0.999800394	8.39743E-05
1	1	0.000815674	0.997008173	0.002176154
1	1	7.78315E-06	0.999950468	4.17484E-05
1	1	6.48053E-05	0.999876767	5.84275E-05
1	1	0.003305276	0.994678916	0.002015808
1	1	0.000275368	0.999396929	0.000327703
1	1	0.000245365	0.999534763	0.000219872
1	1	0.000139386	0.99953538	0.000325234
1	1	6.825E-06	0.999981158	1.20166E-05
1	1	0.001415541	0.98378913	0.01479533
1	1	0.00245324	0.988421836	0.009124924
1	1	0.000134798	0.999563701	0.000301501
1	1	8.19787E-05	0.999449042	0.00046898
1	1	0.00013581	0.999648064	0.000216125
1	1	8.55935E-05	0.999799386	0.00011502
1	1	3.76747E-05	0.999879238	8.30871E-05
1	1	0.000656296	0.995810669	0.003533035
1	1	6.0524E-05	0.999229778	0.000709698
1	1	0.000219254	0.999622645	0.000158101
1	1	5.25796E-05	0.999816874	0.000130546
1	1	0.000279673	0.99951066	0.000209667
1	1	2.32944E-05	0.999904428	7.22777E-05
1	1	0.00039954	0.99850436	0.0010961
1	1	0.000625962	0.997581856	0.001792183
1	1	0.000281725	0.998621608	0.001096667
1	1	0.00080021	0.99716759	0.0020322
1	1	0.000162344	0.999307104	0.000530552
1	1	0.000153265	0.999457039	0.000389696
1	1	0.000180586	0.999095259	0.000724155
1	1	0.00073318	0.996187725	0.003079095
