0	0	0.429167334	0.260902532	0.309930134
0	0	0.685782429	0.1439348	0.170282772
0	0	0.394945009	0.314048219	0.291006772
0	1	0.235781535	0.443326126	0.320892339
0	0	0.45981029	0.239850063	0.300339647
0	0	0.376860425	0.272809812	0.350329764
0	0	0.378745199	0.294024672	0.327230129
0	0	0.353482884	0.293458157	0.353058959
0	0	0.484210364	0.238511958	0.277277677
0	0	0.464340582	0.248419363	0.287240055
0	2	0.260345999	0.344643831	0.39501017
0	0	0.357046466	0.301890971	0.341062563
0	2	0.301393082	0.301694625	0.396912293
0	0	0.387143894	0.288385015	0.324471091
0	0	0.424546821	0.249640603	0.325812576
0	0	0.546961355	0.226054959	0.226983687
0	0	0.389656585	0.29080874	0.319534676
0	2	0.333005323	0.322679147	0.34431553
0	0	0.4199856	0.279672821	0.300341579
0	2	0.308291824	0.343657944	0.348050232
0	0	0.402880326	0.33269946	0.264420215
0	1	0.271203487	0.392944906	0.335851606
0	0	0.405523466	0.315569436	0.278907097
0	0	0.373245847	0.321898832	0.304855322
0	1	0.310047019	0.345718189	0.344234792
0	1	0.196139041	0.441034807	0.362826152
0	1	0.3340941	0.335466697	0.330439203
0	0	0.372667091	0.288439542	0.338893366
0	0	0.370706508	0.326330498	0.302962994
0	0	0.372654114	0.313861147	0.313484739
0	2	0.335189765	0.324860817	0.339949418
0	2	0.310779666	0.336461656	0.352758678
0	0	0.3521484	0.307032215	0.340819386
0	0	0.436873813	0.278423795	0.284702392
0	0	0.471462847	0.298730044	0.229807109
0	0	0.456902402	0.317180117	0.225917481
0	0	0.35485581	0.320797967	0.324346224
0	0	0.497751255	0.242087799	0.260160946
0	0	0.390644284	0.290672553	0.318683162
0	0	0.390770611	0.285722401	0.323506988
0	0	0.427798214	0.29508151	0.277120276
0	2	0.33362159	0.332356234	0.334022176
0	0	0.383690689	0.298758852	0.317550459
0	2	0.296592261	0.348925467	0.354482272
0	0	0.434747512	0.281368565	0.283883922
0	0	0.358705723	0.345607017	0.29568726
0	0	0.435942166	0.26822055	0.295837284
0	0	0.43222084	0.279901194	0.287877966
0	1	0.291874756	0.357567728	0.350557517
0	0	0.360201385	0.300234332	0.339564283
0	0	0.410131011	0.265436767	0.324432222
0	1	0.288340433	0.420625059	0.291034507
0	1	0.319177781	0.341568503	0.339253716
0	0	0.50683951	0.216111484	0.277049005
0	0	0.382093019	0.284366552	0.333540429
0	0	0.554144545	0.211690556	0.234164899
0	0	0.388830883	0.31054987	0.300619246
0	1	0.353456591	0.369614541	0.276928868
0	0	0.38082386	0.306322037	0.312854103
0	2	0.331037216	0.315870022	0.353092762
0	1	0.272412136	0.380625566	0.346962299
0	0	0.399633172	0.27736853	0.322998298
0	0	0.361851571	0.297982304	0.340166125
0	2	0.284425956	0.314087924	0.401486119
0	0	0.463142718	0.234401452	0.30245583
0	2	0.334493142	0.317258334	0.348248524
0	0	0.486527377	0.24439681	0.269075813
0	2	0.296921718	0.350748179	0.352330103
0	0	0.394406928	0.30926026	0.296332812
0	0	0.555081155	0.206193352	0.238725493
0	0	0.431666474	0.258618303	0.309715223
0	0	0.410882012	0.290995004	0.298122984
0	0	0.447413235	0.266102781	0.286483984
0	0	0.337470054	0.326776607	0.335753338
0	0	0.381529944	0.321304521	0.297165534
0	0	0.394954028	0.285222442	0.31982353
0	0	0.598600036	0.187652839	0.213747125
0	0	0.439140459	0.274765859	0.286093681
0	0	0.437773929	0.259719612	0.30250646
0	0	0.351484241	0.314273893	0.334241865
0	0	0.400954131	0.290599792	0.308446076
0	0	0.402856596	0.290348132	0.306795272
0	0	0.524913739	0.225367847	0.249718415
0	0	0.424005427	0.288890075	0.287104498
0	0	0.394452274	0.291546104	0.314001623
0	1	0.315204224	0.36996957	0.314826206
0	2	0.291927507	0.296903006	0.411169487
0	0	0.403269329	0.296784014	0.299946657
0	0	0.503811747	0.255980861	0.240207391
0	0	0.476988113	0.239772743	0.283239144
0	0	0.349503386	0.309486121	0.341010493
0	0	0.51230252	0.241873608	0.245823872
0	2	0.307887287	0.332066007	0.360046707
0	0	0.456619449	0.25512416	0.288256391
0	1	0.291393632	0.370359828	0.338246541
0	2	0.279807682	0.304600938	0.41559138
0	0	0.438511604	0.247741602	0.313746795
0	2	0.310345553	0.333848189	0.355806258
0	1	0.2285091	0.424230116	0.347260784
0	0	0.444608231	0.290613299	0.26477847
0	0	0.350913137	0.315020816	0.334066047
0	0	0.34695749	0.32350102	0.32954149
0	2	0.322230282	0.314274388	0.36349533
0	0	0.565750978	0.162561113	0.271687909
0	1	0.287180106	0.38928416	0.323535733
0	0	0.376393623	0.279229902	0.344376475
0	0	0.428488289	0.246401768	0.325109942
0	0	0.55889762	0.213484944	0.227617436
0	0	0.537805656	0.214969737	0.247224606
0	1	0.313483522	0.371870918	0.31464556
0	1	0.291543964	0.354281152	0.354174884
0	0	0.440692718	0.274746223	0.284561059
0	1	0.27937033	0.381853966	0.338775704
0	0	0.47792655	0.22713784	0.29493561
0	0	0.382993233	0.294953383	0.322053384
0	0	0.436575315	0.265910797	0.297513887
0	0	0.429167334	0.260902532	0.309930134
0	0	0.389915576	0.291963923	0.318120501
0	0	0.37464916	0.316521134	0.308829707
0	0	0.404130222	0.283422058	0.31244772
0	0	0.413752524	0.25777008	0.328477396
0	2	0.320004844	0.329223264	0.350771892
0	0	0.460544339	0.23092873	0.308526931
0	0	0.511098534	0.23175074	0.257150726
0	2	0.215830446	0.339472563	0.44469699
0	0	0.413785128	0.270655508	0.315559364
0	2	0.314803104	0.305927265	0.37926963
0	0	0.399517099	0.302583286	0.297899615
0	1	0.333925273	0.396992439	0.269082288
0	0	0.373643589	0.266321006	0.360035405
0	0	0.366982999	0.275452589	0.357564413
0	0	0.356879616	0.327765533	0.315354851
0	0	0.418277261	0.295936385	0.285786354
0	0	0.359044645	0.293461584	0.347493771
0	1	0.270129228	0.367234448	0.362636323
0	1	0.316779773	0.364055675	0.319164553
0	0	0.394990456	0.254439122	0.350570421
0	0	0.41059564	0.286835501	0.302568859
0	0	0.376282729	0.295609935	0.328107336
0	0	0.379609572	0.280323216	0.340067212
0	0	0.376608844	0.299078805	0.324312352
0	0	0.477049435	0.247799542	0.275151023
0	2	0.278226457	0.358144085	0.363629458
0	0	0.383444219	0.298955328	0.317600453
0	2	0.331868331	0.320710323	0.347421346
0	0	0.350279973	0.321254215	0.328465811
0	2	0.347607123	0.290491084	0.361901793
0	0	0.369881714	0.283860597	0.346257689
0	0	0.565989725	0.198259331	0.235750944
0	0	0.533163734	0.214911985	0.251924281
0	0	0.40537553	0.276445549	0.318178922
0	0	0.454980427	0.253573672	0.291445901
0	2	0.272086078	0.316245395	0.411668527
0	0	0.379403186	0.301689836	0.318906978
0	0	0.429684868	0.258954423	0.311360709
0	0	0.387058439	0.317055135	0.295886426
0	2	0.325631844	0.311272094	0.363096061
0	0	0.338280786	0.327005267	0.334713947
0	0	0.398790734	0.294458125	0.306751141
0	0	0.396179989	0.300536324	0.303283686
0	0	0.370115229	0.306315123	0.323569648
0	2	0.305289381	0.326314003	0.368396616
0	0	0.423484307	0.310696471	0.265819221
0	1	0.309260787	0.377807533	0.31293168
0	2	0.29642388	0.293562468	0.410013652
0	0	0.487395165	0.230275224	0.282329611
0	0	0.38488333	0.34648525	0.268631419
0	1	0.276701683	0.423070982	0.300227335
0	1	0.271504606	0.371622705	0.356872689
0	0	0.34358611	0.323415464	0.332998426
0	0	0.414046324	0.262848511	0.323105166
0	0	0.553984468	0.201852382	0.24416315
0	1	0.281778098	0.36083467	0.357387231
0	0	0.555630852	0.209223726	0.235145422
0	1	0.231244043	0.441718859	0.327037098
0	1	0.305877703	0.355059492	0.339062806
0	0	0.487680057	0.242174749	0.270145194
0	1	0.310898309	0.374827484	0.314274207
0	1	0.187622249	0.512003072	0.300374679
0	0	0.35528498	0.331928714	0.312786306
0	2	0.336285109	0.322518125	0.341196766
0	0	0.410184562	0.268730014	0.321085425
0	2	0.330493758	0.324111559	0.345394683
0	0	0.394550703	0.290425665	0.315023632
0	2	0.2987891	0.31486311	0.38634779
0	0	0.482195027	0.238375856	0.279429117
0	0	0.388440546	0.289756271	0.321803183
0	2	0.307641021	0.341973616	0.350385363
0	2	0.298633325	0.341182145	0.36018453
0	0	0.52257876	0.21827936	0.25914188
0	2	0.331055419	0.310531638	0.358412942
0	0	0.39895547	0.272802968	0.328241562
0	0	0.381322751	0.283537994	0.335139255
0	0	0.457787243	0.249261997	0.29295076
0	0	0.369785992	0.302603824	0.327610184
0	0	0.628948968	0.166759078	0.204291955
0	2	0.319405303	0.302645102	0.377949595
0	0	0.34100022	0.319156993	0.339842788
0	1	0.342541051	0.351915647	0.305543301
0	1	0.293418095	0.375853161	0.330728745
0	0	0.442514108	0.243586556	0.313899335
0	0	0.467702601	0.259389976	0.272907423
0	0	0.375565089	0.324450115	0.299984796
0	0	0.4750837	0.229084515	0.295831785
0	1	0.267913656	0.40791742	0.324168924
0	1	0.305583076	0.352207918	0.342209005
0	0	0.42276527	0.278750498	0.298484232
0	2	0.343109434	0.310644586	0.34624598
0	0	0.702731191	0.124185255	0.173083553
0	0	0.388772721	0.24833904	0.36288824
0	0	0.372408829	0.292771445	0.334819726
0	0	0.345578822	0.329877296	0.324543882
0	2	0.31454013	0.335362376	0.350097493
0	0	0.420034479	0.267611633	0.312353888
0	0	0.403801025	0.282879849	0.313319126
0	0	0.397654678	0.294442573	0.30790275
0	0	0.664628543	0.168549302	0.166822155
0	2	0.240218284	0.309961479	0.449820237
0	0	0.409540686	0.260873666	0.329585648
0	0	0.364636118	0.307630664	0.327733218
0	0	0.405416129	0.253436683	0.341147188
0	0	0.449636375	0.254280808	0.296082817
0	0	0.437078844	0.276943524	0.285977632
0	2	0.27084807	0.341674332	0.387477598
0	1	0.196377376	0.438753694	0.36486893
0	0	0.340548826	0.334440341	0.325010832
0	0	0.379725166	0.299689741	0.320585093
0	0	0.44942216	0.301226559	0.249351281
0	0	0.345334944	0.318529406	0.33613565
0	2	0.312599211	0.334628812	0.352771978
0	2	0.30728887	0.320117543	0.372593588
0	2	0.280498678	0.314589625	0.404911697
0	0	0.466540412	0.291530504	0.241929085
0	0	0.382062399	0.323818749	0.294118852
0	0	0.491646777	0.213505059	0.294848164
0	0	0.396885248	0.30968238	0.293432372
0	2	0.273466614	0.276519003	0.450014383
0	1	0.314944287	0.362525841	0.322529872
0	0	0.419653684	0.274302033	0.306044283
0	0	0.358021982	0.325803483	0.316174535
0	0	0.420265978	0.292272852	0.28746117
0	2	0.300570367	0.343945046	0.355484587
0	0	0.400275055	0.296264296	0.30346065
0	1	0.307641295	0.370492973	0.321865732
0	0	0.444624089	0.255271882	0.30010403
0	0	0.521900812	0.212104177	0.265995011
0	2	0.283534785	0.346379437	0.370085779
0	0	0.583915834	0.201574059	0.214510106
0	0	0.358333316	0.319533974	0.32213271
0	2	0.332721168	0.315041635	0.352237197
0	2	0.313391646	0.336215953	0.350392401
0	0	0.465308246	0.270994922	0.263696832
0	2	0.316388951	0.337772406	0.345838642
0	0	0.377217976	0.300823347	0.321958677
0	1	0.317995097	0.380062596	0.301942307
0	1	0.342801337	0.34850448	0.308694183
0	2	0.334188326	0.309607289	0.356204386
0	2	0.280219256	0.341713393	0.37806735
0	2	0.344700099	0.292854167	0.362445733
0	2	0.314974445	0.314659628	0.370365927
0	0	0.340801331	0.320537637	0.338661032
0	0	0.460302619	0.248883307	0.290814074
0	2	0.233305629	0.369093245	0.397601126
0	2	0.259560378	0.297076401	0.443363221
0	2	0.349102394	0.30095636	0.349941246
0	0	0.490156332	0.236802008	0.27304166
0	2	0.254597379	0.318360183	0.427042437
0	0	0.370049741	0.307181086	0.322769173
0	0	0.339079898	0.33050962	0.330410482
0	0	0.377987331	0.323843598	0.298169071
0	2	0.322697394	0.337482961	0.339819646
0	0	0.371758724	0.292465015	0.335776262
0	0	0.464728551	0.23859164	0.296679809
0	2	0.274362915	0.349237337	0.376399748
0	0	0.359094101	0.314028729	0.32687717
0	0	0.457720386	0.258567941	0.283711673
0	2	0.32376441	0.326136538	0.350099052
0	0	0.48821557	0.234828873	0.276955557
0	0	0.360437399	0.299231731	0.34033087
0	2	0.257680938	0.320480728	0.421838334
0	1	0.280185936	0.374672923	0.345141142
0	0	0.398871729	0.288022869	0.313105402
0	0	0.527870006	0.228548868	0.243581126
0	0	0.405858526	0.257033041	0.337108434
0	1	0.269644333	0.369815342	0.360540324
0	2	0.276178075	0.335340306	0.388481619
0	2	0.262628377	0.367542889	0.369828734
0	1	0.296151434	0.355267463	0.348581103
0	2	0.274651315	0.324051466	0.401297219
0	2	0.266557209	0.355558179	0.377884612
0	0	0.422052236	0.287875786	0.290071977
0	0	0.407766161	0.299374074	0.292859765
0	0	0.350280061	0.316756395	0.332963544
0	2	0.330141804	0.308191786	0.361666411
0	0	0.507756307	0.232991418	0.259252275
0	2	0.265768171	0.366179771	0.368052058
0	2	0.269923489	0.337693455	0.392383056
0	2	0.321561227	0.332283317	0.346155456
0	2	0.322203919	0.329140475	0.348655606
0	0	0.415316016	0.261946351	0.322737634
0	0	0.476075511	0.203522483	0.320402007
0	0	0.370360825	0.261014962	0.368624213
0	2	0.310326921	0.341595171	0.348077907
0	1	0.324088277	0.349154996	0.326756727
0	2	0.281364356	0.334939684	0.38369596
0	0	0.367453522	0.314881646	0.317664832
0	0	0.446560296	0.261170756	0.292268948
0	0	0.395409051	0.289953569	0.31463738
0	0	0.382848379	0.295284422	0.321867199
0	0	0.3707821	0.303570708	0.325647191
0	1	0.253436243	0.385334692	0.361229065
0	0	0.369102817	0.308825145	0.322072038
0	0	0.358595017	0.316902345	0.324502638
0	0	0.393474388	0.284665834	0.321859778
0	2	0.333403209	0.32533408	0.341262711
0	0	0.487613637	0.321701265	0.190685098
0	2	0.301913782	0.324128968	0.37395725
0	0	0.410131011	0.265436767	0.324432222
0	0	0.37763044	0.343200919	0.279168641
0	0	0.369973137	0.288020138	0.342006725
0	2	0.281591247	0.349239013	0.36916974
0	2	0.318473046	0.329981913	0.351545041
0	0	0.37361876	0.298668995	0.327712245
0	2	0.301969023	0.345822086	0.352208891
0	1	0.289409235	0.359114661	0.351476104
0	0	0.404153299	0.291370094	0.304476607
0	2	0.277356125	0.342442011	0.380201864
0	0	0.388422224	0.306400465	0.305177311
0	2	0.280787881	0.307015892	0.412196226
0	2	0.3142126	0.342499373	0.343288028
0	2	0.331949503	0.309136479	0.358914019
0	1	0.338914636	0.353593612	0.307491752
0	0	0.377238736	0.321590256	0.301171009
0	1	0.255780874	0.408920646	0.335298479
0	0	0.483446927	0.247087257	0.269465816
0	0	0.355845123	0.308831428	0.33532345
0	2	0.31754343	0.322632723	0.359823847
0	1	0.240267595	0.435307763	0.324424642
0	0	0.491704526	0.247071552	0.261223922
0	2	0.30616397	0.325453895	0.368382135
0	2	0.325334574	0.311174582	0.363490845
0	0	0.459054108	0.265726633	0.275219259
0	1	0.320478568	0.351291163	0.328230269
0	1	0.31590642	0.368944427	0.315149153
0	0	0.368968877	0.274681514	0.356349609
0	0	0.359328294	0.308936712	0.331734994
0	0	0.416600575	0.277141418	0.306258008
0	0	0.37627718	0.316944301	0.306778519
0	0	0.343181703	0.328212103	0.328606194
0	0	0.444314272	0.2428957	0.312790029
0	0	0.395829055	0.274042291	0.330128654
0	0	0.770886905	0.102017226	0.127095869
0	0	0.398789608	0.299027033	0.302183359
0	2	0.264370045	0.351127641	0.384502314
0	2	0.31223659	0.320653532	0.367109879
0	0	0.512114084	0.22465085	0.263235066
0	0	0.425655034	0.280095114	0.294249851
0	0	0.458163129	0.254048526	0.287788345
0	0	0.374750767	0.305747985	0.319501249
0	0	0.369972748	0.296465054	0.333562198
0	0	0.399125744	0.295029844	0.305844412
0	1	0.255717395	0.372587872	0.371694733
0	1	0.284908153	0.395269123	0.319822725
0	2	0.235311605	0.349467517	0.415220878
0	0	0.341585184	0.321982466	0.33643235
0	1	0.267281798	0.380164299	0.352553903
1	2	0.270125276	0.337473111	0.392401613
1	1	0.237426581	0.441182421	0.321390998
1	1	0.217576755	0.462317407	0.320105838
0	1	0.298411642	0.361612748	0.339975611
1	1	0.249112459	0.42944962	0.321437922
1	1	0.280161698	0.365317533	0.354520769
0	2	0.361426429	0.264160931	0.37441264
0	0	0.415923498	0.246361839	0.337714663
0	0	0.621567729	0.163129584	0.215302686
0	0	0.39833056	0.296006737	0.305662702
1	0	0.586545002	0.20715129	0.206303708
1	0	0.369696061	0.341374874	0.288929066
0	0	0.389110635	0.286363995	0.324525369
0	0	0.347679731	0.340420543	0.311899726
1	2	0.259239777	0.303795086	0.436965137
1	1	0.215528015	0.394883545	0.38958844
0	2	0.330012227	0.253719597	0.416268176
0	2	0.31769285	0.329865514	0.352441636
1	0	0.411373696	0.322757748	0.265868556
0	2	0.344815693	0.307633781	0.347550526
0	0	0.493216119	0.215281711	0.291502171
1	1	0.264901639	0.386974416	0.348123946
0	0	0.497751255	0.242087799	0.260160946
0	0	0.65794835	0.142668882	0.199382768
0	0	0.454681244	0.265176757	0.280141998
1	1	0.278574839	0.377581615	0.343843546
0	0	0.444370731	0.257072769	0.2985565
1	1	0.251111697	0.398655584	0.350232719
1	1	0.242376184	0.420351387	0.337272429
1	0	0.375729552	0.268612443	0.355658005
0	0	0.364682869	0.311322118	0.323995013
0	0	0.430585606	0.29384316	0.275571234
0	0	0.360418784	0.332575414	0.307005801
1	2	0.267515887	0.360675606	0.371808507
0	1	0.309474369	0.38663275	0.303892881
1	1	0.273428973	0.401272959	0.325298067
0	0	0.484976515	0.239822836	0.27520065
0	2	0.34834445	0.285999994	0.365655557
0	0	0.400146705	0.265823151	0.334030144
1	1	0.222511373	0.403218345	0.374270282
1	1	0.273429523	0.375269301	0.351301175
0	1	0.207879136	0.490564533	0.301556331
0	1	0.312461515	0.358662311	0.328876174
1	1	0.277531866	0.43862102	0.283847113
0	0	0.342692791	0.341120025	0.316187184
1	1	0.325285617	0.381382809	0.293331573
0	1	0.318689147	0.361664203	0.31964665
0	0	0.560493022	0.205227022	0.234279956
0	0	0.474370744	0.233969128	0.291660127
1	1	0.344170912	0.351369498	0.30445959
0	1	0.346373378	0.359321424	0.294305199
0	0	0.366033179	0.330241427	0.303725394
1	1	0.33507936	0.411318313	0.253602327
1	1	0.285202236	0.368742485	0.346055279
1	1	0.236515415	0.425563165	0.337921421
0	0	0.372146017	0.316108749	0.311745234
0	1	0.260842574	0.419606371	0.319551056
0	1	0.343454563	0.350462891	0.306082547
0	2	0.341713055	0.310123735	0.34816321
0	0	0.389482948	0.28418348	0.326333572
1	1	0.264372112	0.398400439	0.337227449
1	1	0.247698472	0.464430613	0.287870915
1	1	0.279875753	0.387821726	0.332302522
1	1	0.28950121	0.401802018	0.308696772
1	1	0.203618797	0.445078025	0.351303178
1	1	0.200587768	0.470808719	0.328603513
0	2	0.345392981	0.28605464	0.368552379
0	2	0.356498093	0.280347216	0.363154691
0	0	0.440596592	0.317961307	0.241442101
1	1	0.310894295	0.405594125	0.28351158
1	1	0.29557866	0.432004064	0.272417276
1	1	0.249187493	0.392213211	0.358599296
1	1	0.212492186	0.438914756	0.348593057
0	0	0.450651173	0.243835444	0.305513384
1	1	0.306495681	0.397106165	0.296398154
1	1	0.203620619	0.435963513	0.360415868
1	1	0.156306418	0.515232521	0.328461061
0	0	0.365946316	0.296748994	0.33730469
1	1	0.28776652	0.375008786	0.337224694
0	2	0.364765168	0.26636133	0.368873502
0	0	0.506175521	0.234576905	0.259247574
1	1	0.227364034	0.428012503	0.344623463
1	1	0.203160351	0.445098486	0.351741163
1	2	0.221023146	0.376970687	0.402006167
0	2	0.318241681	0.320349023	0.361409295
0	0	0.446392547	0.269912738	0.283694715
1	0	0.366332208	0.296142451	0.337525341
0	0	0.378555246	0.295586649	0.325858104
1	1	0.302388935	0.349154338	0.348456727
0	0	0.425748204	0.264290295	0.309961501
0	2	0.323998881	0.329619864	0.346381255
1	1	0.094330001	0.491076185	0.414593814
1	1	0.290843263	0.374272636	0.334884101
0	0	0.368832011	0.324875257	0.306292732
1	1	0.233808179	0.397263994	0.368927826
0	0	0.362235119	0.338151324	0.299613557
1	2	0.253367045	0.302759635	0.44387332
0	2	0.325844038	0.327019191	0.347136771
0	1	0.236079701	0.409185855	0.354734444
0	2	0.31512385	0.324169243	0.360706907
1	2	0.295876787	0.331471922	0.372651291
1	1	0.281101946	0.37473436	0.344163695
0	0	0.368124133	0.298216639	0.333659229
0	0	0.494345383	0.222034867	0.283619749
0	0	0.357386576	0.304758007	0.337855417
1	2	0.290251853	0.349515882	0.360232265
0	1	0.332309432	0.348475024	0.319215544
0	0	0.388729363	0.306949542	0.304321095
0	0	0.40101787	0.293831358	0.305150772
0	0	0.496171745	0.242383729	0.261444527
0	2	0.291007755	0.308077051	0.400915194
0	0	0.426359005	0.288842549	0.284798447
0	0	0.651285123	0.166525346	0.182189531
0	0	0.367234769	0.302233937	0.330531294
1	0	0.35278609	0.309748878	0.337465032
0	1	0.326953243	0.336843076	0.336203682
0	0	0.374185292	0.274335307	0.351479401
0	1	0.226676451	0.417432843	0.355890705
0	0	0.411827401	0.276857888	0.311314711
1	1	0.251869327	0.442398212	0.305732461
0	0	0.463105822	0.195186514	0.341707663
0	0	0.358518623	0.297192657	0.34428872
1	2	0.25222681	0.369344097	0.378429094
0	0	0.416603814	0.296466932	0.286929254
0	1	0.271552873	0.369650093	0.358797034
0	0	0.581051082	0.19704629	0.221902628
0	0	0.347570721	0.323392953	0.329036326
0	0	0.373785014	0.269341692	0.356873295
0	2	0.284579634	0.338394753	0.377025613
1	1	0.240776594	0.411895431	0.347327975
0	0	0.368477892	0.268239628	0.36328248
0	2	0.316135039	0.305231181	0.378633781
1	1	0.217952966	0.4249958	0.357051235
1	0	0.379853593	0.36226859	0.257877817
1	1	0.314281777	0.345499074	0.340219148
1	1	0.256950173	0.401811143	0.341238684
1	1	0.310456872	0.385385831	0.304157297
1	2	0.303652528	0.338114315	0.358233156
0	0	0.346472256	0.336400611	0.317127133
1	1	0.215389746	0.448966897	0.335643357
0	0	0.362746585	0.352448488	0.284804927
0	2	0.27255464	0.348709468	0.378735892
0	0	0.358317866	0.293014028	0.348668106
0	0	0.361115837	0.314347413	0.324536751
0	0	0.422419637	0.2670135	0.310566863
1	2	0.288738524	0.347346041	0.363915435
0	0	0.399705251	0.305279394	0.295015354
0	1	0.215842782	0.432572647	0.351584571
1	1	0.291872356	0.402790497	0.305337148
1	2	0.316296926	0.325148308	0.358554766
0	1	0.279399636	0.375531796	0.345068568
1	1	0.217260117	0.414882494	0.367857389
0	2	0.192026379	0.383804286	0.424169335
0	0	0.456253355	0.265349615	0.27839703
1	2	0.239521876	0.334134883	0.426343241
0	0	0.367061504	0.348183423	0.284755073
1	0	0.462471182	0.280783594	0.256745224
1	2	0.262126586	0.314765382	0.423108032
1	1	0.188862614	0.451023678	0.360113709
1	1	0.178625988	0.430261932	0.39111208
0	0	0.39392183	0.297630412	0.308447758
0	0	0.364169632	0.316182564	0.319647805
1	0	0.354879624	0.336695394	0.308424982
1	0	0.461365271	0.26955975	0.269074979
1	1	0.271642132	0.378829225	0.349528642
1	0	0.35336585	0.307293686	0.339340464
0	0	0.471171899	0.245580057	0.283248044
1	1	0.276493312	0.375999055	0.347507633
1	1	0.20955093	0.443087297	0.347361773
1	1	0.205771888	0.421604729	0.372623383
1	1	0.214976031	0.440374957	0.344649011
1	1	0.303304844	0.387974023	0.308721133
0	0	0.648753343	0.147606889	0.203639768
1	1	0.286629706	0.389354858	0.324015437
1	1	0.265728037	0.408084136	0.326187826
1	1	0.239163178	0.448292568	0.312544254
1	1	0.284909369	0.438241937	0.276848694
0	0	0.344218329	0.33131717	0.324464501
1	1	0.229736714	0.499313387	0.270949899
1	1	0.225726532	0.453150468	0.321123001
1	1	0.247443292	0.408577425	0.343979283
1	1	0.290632025	0.361209437	0.348158539
0	0	0.375909806	0.269575699	0.354514496
1	1	0.267246102	0.378444702	0.354309195
1	1	0.307761938	0.369084848	0.323153214
0	0	0.500328249	0.239910127	0.259761624
1	1	0.234266186	0.422655749	0.343078065
0	0	0.35556736	0.297054229	0.347378412
1	1	0.258602192	0.390641767	0.350756041
0	2	0.275327486	0.337464813	0.387207702
1	0	0.342745045	0.337169867	0.320085088
1	0	0.35143324	0.32882305	0.319743709
1	2	0.331472826	0.331505975	0.337021199
0	2	0.300312632	0.319553286	0.380134082
0	2	0.251091274	0.265473896	0.483434829
1	1	0.216550966	0.454558186	0.328890848
0	2	0.299796558	0.339374462	0.36082898
0	0	0.595307751	0.187631231	0.217061018
1	1	0.250383268	0.397101858	0.352514874
1	0	0.420523558	0.298688284	0.280788159
0	0	0.397931422	0.295917199	0.306151379
1	2	0.319359983	0.334092847	0.346547169
1	1	0.298646495	0.38914833	0.312205175
1	2	0.308721121	0.344274171	0.347004708
0	0	0.370426602	0.295969178	0.33360422
1	2	0.30048439	0.346435206	0.353080404
1	0	0.439907186	0.270416609	0.289676205
1	1	0.308840116	0.40218964	0.288970244
1	1	0.21806133	0.449293503	0.332645166
0	2	0.313690115	0.323599165	0.362710721
0	1	0.32507521	0.344969694	0.329955096
0	2	0.322309104	0.323083575	0.35460732
0	1	0.32067667	0.354970028	0.324353301
0	0	0.374089384	0.265229308	0.360681308
1	0	0.383749128	0.290611995	0.325638877
1	1	0.238099771	0.419804779	0.34209545
0	0	0.416741085	0.25461819	0.328640724
1	1	0.223716614	0.413509354	0.362774031
1	1	0.276398295	0.365454917	0.358146788
0	0	0.432697739	0.24472605	0.322576211
0	0	0.407278361	0.294034435	0.298687204
0	0	0.405813999	0.275089067	0.319096934
2	1	0.228990203	0.399126823	0.371882974
1	0	0.428504858	0.298241057	0.273254085
2	1	0.265089651	0.375390972	0.359519377
1	1	0.208435492	0.448599095	0.342965413
0	2	0.334884765	0.33012999	0.334985245
2	0	0.411019389	0.224694205	0.364286406
0	0	0.429123505	0.329720316	0.241156179
2	2	0.260749795	0.355050952	0.384199253
0	2	0.309656002	0.33564767	0.354696328
0	1	0.207998582	0.426294858	0.36570656
0	0	0.468638689	0.239542795	0.291818515
0	0	0.351231736	0.331373528	0.317394736
0	0	0.406447048	0.272613123	0.320939829
1	1	0.186935271	0.484424899	0.328639831
0	2	0.33249892	0.313982299	0.353518781
0	0	0.373960404	0.307307821	0.318731775
2	2	0.243878455	0.361719832	0.394401713
1	0	0.467423707	0.344859174	0.187717119
1	1	0.28275739	0.369107988	0.348134622
2	1	0.257620519	0.431940413	0.310439068
1	1	0.245947814	0.432126935	0.32192525
1	1	0.286524747	0.374025848	0.339449405
1	2	0.236445924	0.360762386	0.40279169
1	1	0.220947481	0.410889792	0.368162727
2	2	0.331603192	0.313105141	0.355291667
0	2	0.330168741	0.315261943	0.354569316
0	0	0.364434114	0.307030097	0.328535789
0	1	0.342762203	0.346068565	0.311169232
1	1	0.228770724	0.40384062	0.367388656
1	1	0.260220754	0.401107843	0.338671403
0	0	0.489986921	0.247269466	0.262743612
1	1	0.192379479	0.461402091	0.34621843
1	2	0.214088914	0.382485756	0.40342533
1	1	0.307380269	0.389664317	0.302955413
0	0	0.484168877	0.242896097	0.272935026
1	1	0.204103044	0.456379629	0.339517327
0	0	0.443603605	0.278810233	0.277586163
1	1	0.278991849	0.399287842	0.32172031
2	1	0.217867802	0.404474408	0.37765779
1	1	0.265638499	0.403322447	0.331039054
1	1	0.262910786	0.375859257	0.361229957
0	0	0.572149899	0.218459582	0.209390519
0	0	0.405666943	0.302485241	0.291847815
0	2	0.282177597	0.335739866	0.382082537
1	1	0.242917756	0.42302147	0.334060774
2	2	0.261949662	0.363490207	0.374560132
0	0	0.401021812	0.306346196	0.292631992
2	2	0.198037654	0.379349212	0.422613134
1	1	0.309224511	0.353848051	0.336927437
1	1	0.227108145	0.438529162	0.334362694
0	1	0.307580082	0.394466999	0.297952919
1	1	0.277847191	0.385897307	0.336255501
0	0	0.439976525	0.263649712	0.296373764
1	1	0.298039493	0.367831887	0.334128619
0	2	0.237956635	0.361473398	0.400569967
1	1	0.257359975	0.39122224	0.351417785
0	0	0.369240966	0.322805332	0.307953702
0	1	0.320358149	0.401914582	0.277727269
0	0	0.460939049	0.248978319	0.290082632
1	1	0.260225468	0.409095425	0.330679107
2	2	0.205471705	0.388505892	0.406022402
1	1	0.245129321	0.41587549	0.338995188
2	0	0.473925026	0.243215805	0.282859169
0	0	0.424653435	0.253629208	0.321717358
2	0	0.344820191	0.322119662	0.333060147
0	1	0.322073147	0.349281674	0.328645179
1	1	0.270804957	0.373455498	0.355739545
1	1	0.256274454	0.455296546	0.288429
1	1	0.270049381	0.38410073	0.345849889
0	2	0.324794702	0.308707213	0.366498085
2	0	0.451103485	0.264435342	0.284461173
0	2	0.323871653	0.320584953	0.355543394
0	2	0.279061195	0.345824387	0.375114418
1	1	0.300823944	0.358570463	0.340605593
0	2	0.330725074	0.321593215	0.347681711
0	0	0.37328724	0.29460875	0.33210401
1	2	0.291133959	0.321688441	0.3871776
1	1	0.28283497	0.363530639	0.35363439
2	2	0.29628569	0.35132937	0.35238494
2	0	0.420494831	0.282712982	0.296792187
0	1	0.267540429	0.418999905	0.313459666
1	1	0.220280807	0.461925271	0.317793922
1	1	0.292661536	0.385220838	0.322117625
1	2	0.304775436	0.342398489	0.352826075
0	2	0.270497914	0.36433158	0.365170507
0	2	0.256466439	0.369480444	0.374053118
1	2	0.292317194	0.347526004	0.360156801
2	0	0.369172504	0.30682085	0.324006646
2	2	0.243988663	0.321282809	0.434728527
0	2	0.321705689	0.32222083	0.356073481
1	0	0.448719031	0.272870391	0.278410578
1	1	0.290127824	0.378539943	0.331332233
0	0	0.42583425	0.265934539	0.308231211
0	2	0.238667743	0.352472424	0.408859833
2	2	0.207560339	0.257088938	0.535350723
0	0	0.350777451	0.335141215	0.314081334
1	1	0.26375057	0.389048435	0.347200995
2	2	0.303132256	0.345768405	0.351099339
1	1	0.317911112	0.351170487	0.330918401
0	2	0.292032742	0.326903796	0.381063461
1	1	0.280957637	0.374504531	0.344537832
1	1	0.281619496	0.365313853	0.353066652
0	0	0.354298387	0.330081455	0.315620158
2	2	0.206519634	0.366902258	0.426578108
2	2	0.320919886	0.313717065	0.365363049
1	1	0.294535342	0.363434469	0.342030188
2	1	0.28128597	0.364297863	0.354416168
2	2	0.27686011	0.319262089	0.403877801
0	0	0.446519143	0.257799531	0.295681326
2	1	0.279393985	0.362717001	0.357889013
0	0	0.345291263	0.31343384	0.341274897
2	2	0.262097343	0.322471891	0.415430766
0	0	0.361396839	0.301200643	0.337402518
0	0	0.537134188	0.202562392	0.260303419
0	0	0.3819693	0.345965909	0.272064791
0	0	0.402740747	0.295329903	0.301929349
0	0	0.38346807	0.303765602	0.312766328
1	0	0.494722405	0.197986096	0.307291499
2	1	0.246839852	0.379988031	0.373172117
1	1	0.266596339	0.393678929	0.339724732
1	1	0.296098154	0.368076575	0.335825272
1	1	0.319240319	0.342422095	0.338337586
0	0	0.378393197	0.30227399	0.319332813
0	0	0.41271603	0.290661621	0.296622349
2	2	0.255526364	0.356853592	0.387620044
1	1	0.290539753	0.387238356	0.322221891
0	0	0.343880483	0.327469252	0.328650266
2	2	0.242753228	0.37336086	0.383885912
1	1	0.23625406	0.416508868	0.347237072
0	2	0.257580069	0.352387217	0.390032714
1	1	0.223501468	0.401464047	0.375034485
0	0	0.396354374	0.296073784	0.307571842
0	1	0.322944246	0.372217996	0.304837758
0	0	0.401345054	0.285836949	0.312817997
2	2	0.263417203	0.348918754	0.387664044
0	1	0.319607455	0.350161172	0.330231373
1	1	0.281754984	0.391873014	0.326372002
0	0	0.43936312	0.294043061	0.266593819
1	2	0.272533807	0.351588926	0.375877266
1	1	0.289153801	0.370909735	0.339936464
2	0	0.345544412	0.318754489	0.335701099
1	1	0.247693746	0.386833005	0.365473249
1	2	0.291218866	0.351909874	0.35687126
0	0	0.417324431	0.318513204	0.264162365
2	2	0.266666174	0.357593759	0.375740067
1	1	0.284336247	0.364146954	0.3515168
1	2	0.31226745	0.31774845	0.3699841
0	2	0.317295367	0.320708656	0.361995977
2	2	0.312890188	0.340308409	0.346801403
1	2	0.348010307	0.297445821	0.354543872
0	0	0.474983733	0.259843768	0.2651725
1	2	0.303035756	0.345520095	0.351444149
1	1	0.253738266	0.375817363	0.370444371
0	1	0.246988821	0.411102706	0.341908473
1	1	0.271938239	0.385012183	0.343049578
2	2	0.313694363	0.328954403	0.357351234
1	1	0.207511154	0.407395758	0.385093088
1	1	0.187887323	0.441616755	0.370495922
2	1	0.268363345	0.403889702	0.327746953
1	2	0.236370881	0.363253922	0.400375197
2	1	0.25311166	0.378392016	0.368496324
0	0	0.345127983	0.317321455	0.337550562
0	0	0.428190416	0.260412781	0.311396803
1	2	0.257259736	0.369476161	0.373264103
1	1	0.215051128	0.489446814	0.295502058
0	1	0.330887297	0.364336476	0.304776227
2	1	0.214481276	0.497961339	0.287557385
2	2	0.283056243	0.354725984	0.362217773
2	0	0.400874917	0.265456093	0.33366899
1	1	0.26839018	0.444363009	0.287246811
1	1	0.23498215	0.454323524	0.310694326
0	0	0.361253712	0.303226641	0.335519647
1	1	0.275904675	0.372544102	0.351551223
1	0	0.379139502	0.304144895	0.316715602
2	2	0.303037287	0.337699301	0.359263412
2	2	0.277702852	0.355154058	0.36714309
0	0	0.482447654	0.225196291	0.292356055
0	0	0.39484113	0.293912905	0.311245965
1	1	0.27777209	0.409853983	0.312373928
2	2	0.295408441	0.348367844	0.356223715
2	0	0.448054151	0.22746903	0.324476819
2	2	0.318379664	0.307736711	0.373883624
2	2	0.283041268	0.338354009	0.378604722
2	1	0.1821412	0.42199025	0.39586855
1	1	0.247056748	0.395091766	0.357851486
0	2	0.327385895	0.30909219	0.363521915
1	1	0.279087075	0.373913254	0.34699967
0	0	0.417797562	0.286516754	0.295685684
0	2	0.311749759	0.343092748	0.345157493
1	1	0.20900696	0.424650956	0.366342084
0	0	0.347570721	0.323392953	0.329036326
0	1	0.29930738	0.350854312	0.349838308
1	0	0.424951089	0.299607738	0.275441173
2	2	0.223229964	0.356203597	0.420566439
0	0	0.432945645	0.265632079	0.301422275
1	1	0.295199126	0.354514814	0.35028606
2	1	0.277295655	0.370474376	0.352229969
1	1	0.201483003	0.45600557	0.342511428
1	1	0.280171307	0.36187586	0.357952833
0	0	0.402835576	0.266061764	0.33110266
0	0	0.457250129	0.258250635	0.284499236
0	0	0.474464711	0.254191328	0.271343961
0	2	0.269574145	0.322190657	0.408235198
2	2	0.233752935	0.370504179	0.395742886
2	0	0.462928586	0.263716009	0.273355405
0	0	0.394945009	0.314048219	0.291006772
0	2	0.242681467	0.359836495	0.397482039
1	1	0.331928801	0.357280251	0.310790947
1	2	0.33494504	0.291536863	0.373518098
2	1	0.253485343	0.407241348	0.339273309
1	1	0.220090129	0.435257208	0.344652664
1	1	0.325439587	0.353356282	0.321204131
1	2	0.237992403	0.362976739	0.399030858
1	1	0.29441336	0.390834722	0.314751918
1	1	0.312889888	0.354373462	0.332736649
1	0	0.375255127	0.326949634	0.297795239
0	1	0.331787112	0.343742742	0.324470147
1	1	0.220029996	0.402849838	0.377120167
1	1	0.317017045	0.360595035	0.32238792
1	1	0.303784261	0.41265743	0.28355831
1	1	0.243838315	0.3906474	0.365514285
1	2	0.288228656	0.339934893	0.371836451
1	1	0.249826667	0.386823047	0.363350286
0	0	0.435681323	0.270456444	0.293862234
2	2	0.339782586	0.31900474	0.341212674
0	1	0.225491153	0.428667227	0.34584162
0	0	0.430141178	0.28037093	0.289487893
1	1	0.238208071	0.396884195	0.364907734
0	0	0.419122216	0.255638047	0.325239737
0	0	0.444670476	0.261107841	0.294221683
1	0	0.37391514	0.336476689	0.289608171
2	2	0.254192258	0.347752458	0.398055284
1	1	0.283218639	0.359465849	0.357315511
2	1	0.312954148	0.367769612	0.319276241
1	1	0.257558966	0.398197729	0.344243305
1	0	0.428504858	0.298241057	0.273254085
1	1	0.301605181	0.374435221	0.323959599
0	2	0.341196705	0.289964691	0.368838604
2	1	0.258696671	0.379045489	0.36225784
2	2	0.283128806	0.341655165	0.375216029
0	0	0.35058319	0.330860893	0.318555917
1	2	0.227604871	0.37615869	0.396236439
2	1	0.220754172	0.405958014	0.373287814
0	0	0.490457545	0.248772474	0.260769981
2	0	0.443655747	0.236878871	0.319465382
2	2	0.291548619	0.331691984	0.376759397
1	1	0.252737189	0.404701666	0.342561145
1	1	0.278762168	0.398719824	0.322518008
2	2	0.24534068	0.342731649	0.41192767
1	1	0.29270355	0.370169245	0.337127205
2	2	0.260767405	0.334296672	0.404935923
1	1	0.212338948	0.478369673	0.309291379
1	1	0.241719273	0.404429336	0.353851391
0	0	0.355559164	0.325249201	0.319191635
2	1	0.266062771	0.400107101	0.333830128
0	2	0.294501691	0.287287871	0.418210438
2	0	0.366114683	0.30718391	0.326701407
1	2	0.301440054	0.34847663	0.350083316
1	0	0.361629431	0.304210537	0.334160032
1	1	0.222198336	0.418999777	0.358801887
2	2	0.235747148	0.344040651	0.420212201
1	1	0.168799149	0.480683735	0.350517116
1	1	0.242786551	0.421189422	0.336024027
1	1	0.3144153	0.360327998	0.325256702
0	0	0.478772932	0.248893835	0.272333233
1	1	0.274898645	0.381802121	0.343299233
1	1	0.226526449	0.45512027	0.318353281
0	0	0.57797057	0.198347978	0.223681452
1	1	0.259894824	0.390089822	0.350015355
0	2	0.323473874	0.327509922	0.349016204
0	0	0.41128089	0.310870496	0.277848614
1	1	0.32495689	0.368887798	0.306155312
1	2	0.340814668	0.303395985	0.355789347
0	1	0.348377063	0.357768242	0.293854694
2	2	0.331963399	0.305064955	0.362971646
2	0	0.411993602	0.269861218	0.31814518
2	2	0.267046255	0.323377989	0.409575756
0	1	0.308342017	0.377212848	0.314445135
1	0	0.335079713	0.333041948	0.331878339
2	1	0.1722805	0.432388273	0.395331227
2	1	0.284915618	0.368961779	0.346122604
1	1	0.239218146	0.427637503	0.333144351
1	1	0.257652005	0.397704734	0.344643261
0	2	0.256144159	0.316917157	0.426938684
1	1	0.183081885	0.523812351	0.293105764
0	0	0.430041894	0.262455786	0.30750232
2	1	0.29627796	0.362853099	0.340868941
1	1	0.241169323	0.3899035	0.368927177
2	1	0.243239404	0.413205959	0.343554637
0	0	0.359390278	0.318591247	0.322018476
0	1	0.335523928	0.338151248	0.326324823
1	0	0.410655389	0.290311474	0.299033137
1	1	0.261395989	0.412623872	0.325980139
2	2	0.182265312	0.405841781	0.411892907
2	2	0.28970479	0.317431625	0.392863585
1	1	0.146862275	0.533145966	0.319991759
2	1	0.282604068	0.363342845	0.354053087
1	2	0.307390095	0.313882154	0.37872775
0	2	0.342723007	0.311040323	0.34623667
2	0	0.36901657	0.293929972	0.337053458
2	0	0.376891876	0.297186041	0.325922083
0	2	0.308256074	0.329024049	0.362719877
1	1	0.205771095	0.431714445	0.36251446
1	1	0.142344434	0.500971751	0.356683814
0	1	0.253402041	0.479803826	0.266794133
1	1	0.297886328	0.36540706	0.336706612
2	2	0.304637573	0.337688132	0.357674295
1	1	0.283513819	0.358726718	0.357759462
0	0	0.396410123	0.292758882	0.310830995
2	2	0.230789932	0.348977661	0.420232408
1	1	0.31592654	0.368746611	0.315326849
1	1	0.185040822	0.430254312	0.384704866
2	1	0.240188405	0.412082527	0.347729068
1	1	0.243255326	0.398501641	0.358243032
1	1	0.312971109	0.375369504	0.311659387
2	1	0.289151893	0.356970138	0.353877969
1	1	0.301495148	0.367327538	0.331177314
0	1	0.332780976	0.344014753	0.323204271
1	1	0.179255522	0.487754537	0.332989941
1	1	0.176073205	0.461508212	0.362418582
2	2	0.328752836	0.33285475	0.338392414
2	0	0.352451149	0.342274151	0.3052747
1	1	0.179710645	0.46435439	0.355934965
1	1	0.26851659	0.376272155	0.355211255
0	0	0.512295418	0.206128848	0.281575734
1	1	0.288896304	0.368399451	0.342704245
2	2	0.257882519	0.361876911	0.380240569
1	1	0.256478844	0.404335986	0.33918517
2	2	0.223901853	0.372787219	0.403310928
0	0	0.379856131	0.327108715	0.293035153
1	1	0.296862757	0.361322147	0.341815096
1	2	0.291077033	0.334985736	0.373937231
0	0	0.362136379	0.303937132	0.333926489
2	2	0.305410587	0.331642326	0.362947087
1	2	0.234066216	0.376457082	0.389476702
2	2	0.281030603	0.354200654	0.364768743
1	1	0.289297453	0.37606252	0.334640027
0	0	0.480688387	0.247551642	0.271759971
0	2	0.292142555	0.341634648	0.366222797
1	0	0.428931065	0.287176273	0.283892663
0	0	0.356255494	0.303641629	0.340102878
1	1	0.260357704	0.41453461	0.325107686
0	0	0.352894551	0.331381172	0.315724277
0	0	0.384203267	0.303588071	0.312208662
1	2	0.31328282	0.333421135	0.353296045
1	0	0.346526505	0.314555116	0.338918379
1	1	0.227219967	0.42057321	0.352206823
0	0	0.388475698	0.286555036	0.324969267
1	1	0.225755488	0.43893551	0.335309002
2	1	0.188868491	0.433525647	0.377605862
1	1	0.281541578	0.376674018	0.341784404
1	2	0.322119337	0.332128548	0.345752115
1	1	0.21790451	0.448790838	0.333304651
2	1	0.275530387	0.37917503	0.345294584
1	1	0.244242594	0.409264631	0.346492775
1	1	0.278088671	0.372538364	0.349372966
0	0	0.358011682	0.325696387	0.316291931
1	0	0.407910274	0.378587505	0.213502221
2	0	0.344019831	0.319513429	0.33646674
2	2	0.243111212	0.37823625	0.378652539
0	0	0.490713001	0.269282075	0.240004923
2	1	0.22142837	0.417130511	0.361441119
1	1	0.283212331	0.39052692	0.326260749
1	1	0.183949324	0.512223116	0.30382756
1	2	0.30150967	0.334254302	0.364236028
0	0	0.420789311	0.272798181	0.306412508
0	0	0.365319426	0.30953529	0.325145284
1	2	0.267781861	0.352331572	0.379886566
0	0	0.505874744	0.247643224	0.246482032
1	1	0.2366664	0.39736353	0.36597007
0	2	0.283220312	0.324480383	0.392299305
1	1	0.266502729	0.407599259	0.325898011
2	0	0.348156525	0.321196204	0.330647272
1	0	0.410158053	0.315179582	0.274662365
0	1	0.314409929	0.352904556	0.332685514
1	2	0.315746146	0.338945238	0.345308616
0	0	0.409190963	0.288006183	0.302802854
2	0	0.367443018	0.321844418	0.310712564
0	2	0.301893939	0.329335096	0.368770965
1	1	0.281376796	0.378946367	0.339676836
1	2	0.233264284	0.369840591	0.396895125
0	2	0.332754623	0.318303506	0.348941871
1	1	0.257472589	0.392569371	0.34995804
1	1	0.218275432	0.449285127	0.332439442
1	1	0.310802186	0.34701106	0.342186754
1	2	0.312097146	0.329479621	0.358423233
1	1	0.269324246	0.386030364	0.344645389
1	1	0.183081885	0.523812351	0.293105764
0	0	0.479559842	0.214383976	0.306056182
1	0	0.380308904	0.303804325	0.31588677
0	1	0.311185858	0.364377474	0.324436668
0	0	0.386042858	0.328569503	0.285387639
1	1	0.369926527	0.378306385	0.251767089
1	1	0.233964273	0.419124672	0.346911055
1	2	0.254057499	0.340345274	0.405597227
