0	0	0.60792323	0.054649967	0.337426803
0	0	0.809054138	0.018330491	0.172615372
0	0	0.433455108	0.196328295	0.370216597
0	1	0.281759921	0.433961302	0.284278777
0	0	0.585816962	0.060709937	0.353473101
0	2	0.46879782	0.047692378	0.483509802
0	0	0.592436868	0.074495917	0.333067215
0	0	0.495441406	0.091144767	0.413413827
0	0	0.793378016	0.012613905	0.194008078
0	0	0.765598097	0.014021016	0.220380887
0	2	0.340287762	0.195291169	0.464421069
0	0	0.489647992	0.065791243	0.444560765
0	2	0.35381224	0.080203438	0.565984322
0	0	0.642130462	0.055124347	0.30274519
0	0	0.503417574	0.037274893	0.459307533
0	0	0.645564174	0.082320867	0.27211496
0	0	0.570573651	0.048295687	0.381130662
0	0	0.411309816	0.198690183	0.390000001
0	0	0.572898732	0.074545447	0.352555821
0	1	0.276235967	0.460105336	0.263658697
0	0	0.397364843	0.367548344	0.235086812
0	1	0.096887308	0.802673898	0.100438794
0	0	0.477632902	0.203637703	0.318729395
0	0	0.473619077	0.242088501	0.284292422
0	0	0.470197745	0.077227325	0.45257493
0	1	0.025172697	0.931932102	0.042895201
0	1	0.187398345	0.633485136	0.179116519
0	2	0.365798286	0.23415471	0.400047004
0	0	0.532740653	0.08199307	0.385266278
0	0	0.488243462	0.145287448	0.36646909
0	0	0.470683252	0.070392405	0.458924343
0	0	0.427319854	0.158528249	0.414151896
0	2	0.434836418	0.110948919	0.454214662
0	0	0.614610454	0.073206825	0.312182721
0	0	0.550185596	0.231124302	0.218690102
0	1	0.312791898	0.543722011	0.143486091
0	0	0.450359766	0.128592275	0.421047959
0	0	0.708622047	0.036974271	0.254403682
0	0	0.489638792	0.105368946	0.404992262
0	0	0.557834412	0.047174909	0.394990679
0	0	0.580279654	0.101383479	0.318336866
0	2	0.379518575	0.169915889	0.450565536
0	0	0.407394295	0.252593506	0.3400122
0	1	0.281848352	0.375241255	0.342910393
0	0	0.560895378	0.135102587	0.304002035
0	1	0.20832833	0.634676452	0.156995218
0	0	0.512319281	0.117701061	0.369979658
0	0	0.60264821	0.071046431	0.326305359
0	2	0.338359011	0.256186961	0.405454028
0	0	0.505976168	0.071692746	0.422331086
0	0	0.667609306	0.004558088	0.327832606
0	1	0.03073245	0.940036863	0.029230687
0	2	0.348367972	0.283456681	0.368175347
0	0	0.578429246	0.008831424	0.412739331
0	0	0.461562963	0.106742402	0.431694635
0	0	0.760678917	0.031970428	0.207350655
0	0	0.553923044	0.117416303	0.328660653
0	1	0.184511288	0.723145643	0.092343068
0	0	0.548544147	0.098491255	0.352964598
0	2	0.385356514	0.148884214	0.465759272
0	1	0.135935237	0.712641561	0.151423201
0	0	0.522739821	0.062382443	0.414877737
0	2	0.402209173	0.195541432	0.402249396
0	2	0.382721263	0.084606149	0.532672587
0	0	0.650365334	0.021332554	0.328302112
0	2	0.369014215	0.209984804	0.421000982
0	0	0.670476801	0.038736763	0.290786436
0	2	0.300713585	0.323260424	0.376025991
0	0	0.455081519	0.179195353	0.365723128
0	0	0.681047642	0.042971292	0.275981066
0	0	0.560185389	0.050585642	0.389228969
0	0	0.468654461	0.211107132	0.320238407
0	0	0.562124662	0.086264973	0.351610365
0	2	0.364998413	0.24240091	0.392600677
0	0	0.53522597	0.224929953	0.239844077
0	2	0.454548856	0.068074684	0.477376459
0	0	0.735788147	0.032882554	0.231329299
0	0	0.557233443	0.094877279	0.347889277
0	0	0.407657999	0.314451102	0.277890899
0	0	0.477329961	0.132490109	0.390179931
0	0	0.550865509	0.109968141	0.33916635
0	0	0.574773943	0.063756862	0.361469194
0	0	0.841599986	0.000287827	0.158112187
0	0	0.56259934	0.080710423	0.356690237
0	0	0.538702401	0.069767151	0.391530448
0	1	0.175038302	0.667543677	0.157418021
0	2	0.319260902	0.058945226	0.621793872
0	0	0.532447636	0.118059007	0.349493358
0	0	0.694489648	0.026966012	0.27854434
0	0	0.574096677	0.039571051	0.386332272
0	0	0.389331564	0.261996548	0.348671888
0	0	0.736952775	0.064162813	0.198884412
0	0	0.486705573	0.04426788	0.469026546
0	0	0.554769197	0.079882129	0.365348673
0	1	0.195755761	0.603332085	0.200912154
0	2	0.240591554	0.185137853	0.574270592
0	0	0.54936916	0.040543304	0.410087536
0	2	0.426304054	0.116344176	0.45735177
0	1	0.05556727	0.871481264	0.072951466
0	0	0.686208191	0.064211419	0.24958039
0	0	0.59545793	0.036340424	0.368201646
0	0	0.48383532	0.105841702	0.410322978
0	2	0.358219267	0.179835991	0.461944741
0	0	0.63052056	0.010578734	0.358900706
0	1	0.288314641	0.378248878	0.333436481
0	2	0.441286383	0.063249932	0.495463684
0	0	0.559769775	0.026288342	0.413941882
0	0	0.829007626	0.04934465	0.121647723
0	0	0.681939368	0.032846354	0.285214278
0	1	0.063967108	0.881979677	0.054053214
0	2	0.396768121	0.160461178	0.442770701
0	0	0.530134511	0.146193453	0.323672036
0	1	0.195099274	0.603417017	0.201483709
0	0	0.581951953	0.030636371	0.387411676
0	0	0.49438023	0.082690516	0.422929254
0	0	0.555779158	0.054172371	0.390048471
0	0	0.60792323	0.054649967	0.337426803
0	0	0.510621084	0.070564543	0.418814373
0	0	0.482898192	0.163417104	0.353684704
0	0	0.538459102	0.067438195	0.394102704
0	0	0.564387304	0.02978011	0.405832586
0	2	0.428736224	0.113413663	0.457850113
0	0	0.61455873	0.013660446	0.371780824
0	0	0.747846132	0.047484211	0.204669657
0	2	0.322636247	0.059711553	0.617652201
0	0	0.506982683	0.036659656	0.456357661
0	2	0.409417735	0.047676375	0.54290589
0	0	0.447386641	0.264998241	0.287615118
0	1	0.097156517	0.849309147	0.053534336
0	2	0.404828802	0.023671322	0.571499876
0	0	0.577038404	0.038974548	0.383987048
0	1	0.312214139	0.429829791	0.257956069
0	0	0.632630205	0.034321983	0.333047811
0	2	0.340189977	0.220148918	0.439661106
0	2	0.345352262	0.243536041	0.411111697
0	0	0.602593953	0.045084729	0.352321317
0	0	0.579737661	0.016358959	0.40390338
0	0	0.494070585	0.097639135	0.40829028
0	0	0.575240263	0.030074806	0.394684931
0	0	0.509418973	0.033541075	0.457039952
0	1	0.280496217	0.423799403	0.29570438
0	0	0.551050233	0.098496988	0.350452779
0	2	0.38967271	0.18891689	0.4214104
0	0	0.5280139	0.082774712	0.389211388
0	0	0.541052941	0.028847321	0.430099738
0	0	0.434787569	0.156031446	0.409180985
0	2	0.414788966	0.048762905	0.53644813
0	0	0.528642216	0.073811302	0.397546482
0	0	0.697866287	0.05194199	0.250191723
0	0	0.667591756	0.02890969	0.303498553
0	0	0.509065956	0.160641888	0.330292157
0	0	0.602484818	0.031248222	0.36626696
0	2	0.329419141	0.080280835	0.590300024
0	0	0.509555036	0.104213103	0.386231861
0	0	0.602766956	0.038983195	0.35824985
0	0	0.50188066	0.139499688	0.358619652
0	2	0.390777765	0.174746967	0.434475268
0	0	0.39384804	0.281593671	0.324558289
0	0	0.519894642	0.121319332	0.358786025
0	0	0.513992875	0.090523493	0.395483633
0	0	0.604391428	0.014942687	0.380665885
0	2	0.439973358	0.044332329	0.515694314
0	1	0.287865243	0.542339649	0.169795108
0	0	0.41173097	0.264454748	0.323814283
0	2	0.325580977	0.020874143	0.65354488
0	0	0.612817776	0.039542167	0.347640057
0	0	0.602133214	0.086528921	0.311337865
0	1	0.040761071	0.925216245	0.034022684
0	1	0.302055415	0.370076779	0.327867806
0	0	0.460912072	0.118014476	0.421073453
0	0	0.531766457	0.000216645	0.468016898
0	0	0.65280255	0.02931721	0.31788024
0	1	0.12227314	0.734696431	0.143030429
0	0	0.75362381	0.021197713	0.225178477
0	1	0.03554433	0.917067118	0.047388551
0	2	0.366061435	0.140695949	0.493242616
0	0	0.662528399	0.014015494	0.323456107
0	1	0.247474269	0.478284915	0.274240816
0	1	0.01394796	0.966163706	0.019888333
0	0	0.457822905	0.255234426	0.28694267
0	2	0.377629851	0.229250315	0.393119834
0	0	0.485774269	0.129456387	0.384769344
0	2	0.447700193	0.094549527	0.45775028
0	0	0.579859091	0.118153559	0.30198735
0	2	0.393789728	0.132253043	0.473957228
0	0	0.641796025	0.059315493	0.298888482
0	0	0.513117594	0.071165279	0.415717127
0	2	0.340430291	0.281071864	0.378497845
0	2	0.317387811	0.276420818	0.406191371
0	0	0.591539905	0.011978689	0.396481406
0	2	0.320327035	0.124853676	0.55481929
0	0	0.479403405	0.062517244	0.458079351
0	0	0.445599284	0.173316618	0.381084098
0	0	0.601325868	0.084220385	0.314453747
0	0	0.498343292	0.046842419	0.454814289
0	0	0.799357554	0.005504183	0.195138263
0	2	0.432257781	0.047537655	0.520204564
0	0	0.555523795	0.03198642	0.412489785
0	1	0.260822061	0.567101565	0.172076374
0	1	0.160133363	0.673647506	0.166219131
0	0	0.545213369	0.026463786	0.428322845
0	0	0.696773817	0.09938099	0.203845193
0	0	0.52679743	0.1218409	0.35136167
0	0	0.584138279	0.011852487	0.404009234
0	1	0.146606733	0.57418619	0.279207077
0	2	0.342642311	0.2411905	0.416167189
0	0	0.467594351	0.188557151	0.343848498
0	0	0.543449566	0.03613771	0.420412725
0	0	0.851301051	0.006466053	0.142232896
0	2	0.438371401	0.03083858	0.530790019
0	0	0.499887871	0.080687512	0.419424618
0	0	0.559154199	0.077837653	0.363008149
0	0	0.429194233	0.145286779	0.425518989
0	0	0.656039223	0.036907714	0.307053063
0	0	0.657226746	0.006195536	0.336577718
0	0	0.562937289	0.093603543	0.343459168
0	0	0.854039839	0.060266587	0.085693574
0	2	0.268061997	0.096497614	0.635440389
0	0	0.573138988	0.05167263	0.375188381
0	0	0.467928681	0.109433372	0.422637946
0	0	0.528213992	0.015051859	0.456734149
0	0	0.654215507	0.033399363	0.31238513
0	0	0.551336113	0.145539078	0.303124808
0	2	0.305636016	0.148650053	0.545713931
0	1	0.108244573	0.756266051	0.135489376
0	1	0.248951032	0.491497188	0.25955178
0	0	0.553200856	0.078674662	0.368124482
0	0	0.607862412	0.205932524	0.186205064
0	0	0.5044304	0.103072216	0.392497384
0	2	0.324533761	0.310067362	0.365398877
0	2	0.381904989	0.22266577	0.39542924
0	2	0.343055908	0.191080238	0.465863854
0	0	0.456003171	0.332121134	0.211875696
0	0	0.572210963	0.138186986	0.28960205
0	0	0.553800401	0.020682839	0.42551676
0	0	0.6241818	0.157109289	0.218708911
0	2	0.270515209	0.028890948	0.700593843
0	1	0.21713471	0.531773658	0.251091633
0	1	0.197997376	0.66053742	0.141465204
0	1	0.178256277	0.659658498	0.162085225
0	0	0.562653206	0.109789343	0.327557451
0	2	0.27608109	0.345880945	0.378037965
0	0	0.578611057	0.048145636	0.373243306
0	1	0.099055299	0.798933944	0.102010757
0	0	0.668177409	0.017615051	0.314207539
0	0	0.675953527	0.014433102	0.309613371
0	2	0.285625469	0.292300214	0.422074317
0	0	0.832996625	0.011194578	0.155808796
0	0	0.412352217	0.184026152	0.40362163
0	2	0.35700377	0.257609879	0.385386352
0	1	0.245672307	0.489653777	0.264673916
0	0	0.769789099	0.015923828	0.214287073
0	2	0.435767327	0.115643068	0.448589604
0	0	0.590947452	0.048179186	0.360873362
0	1	0.140813977	0.746010524	0.113175499
0	0	0.4127179	0.341027906	0.246254194
0	2	0.407017877	0.072447134	0.520534989
0	2	0.38707599	0.066321958	0.546602053
0	2	0.442874571	0.043658002	0.513467427
0	0	0.497927229	0.066503458	0.435569313
0	0	0.388185393	0.257181752	0.354632855
0	0	0.628977114	0.014928839	0.356094046
0	2	0.269769597	0.077236199	0.652994203
0	2	0.388702523	0.017514241	0.593783236
0	0	0.58380283	0.06004314	0.35615403
0	0	0.602474799	0.0301639	0.367361302
0	2	0.311751932	0.082352415	0.605895653
0	0	0.421264006	0.202483769	0.376252225
0	1	0.31376757	0.377568682	0.308663748
0	1	0.250856755	0.597158207	0.151985038
0	2	0.347847508	0.293173384	0.358979107
0	0	0.51515021	0.040079241	0.444770549
0	0	0.644139831	0.020563462	0.335296707
0	2	0.419410443	0.102714163	0.477875394
0	1	0.316533893	0.44440234	0.239063767
0	0	0.687108901	0.011986641	0.300904457
0	2	0.349201239	0.234897294	0.415901466
0	0	0.627497862	0.030320992	0.342181146
0	2	0.399275917	0.157111022	0.443613061
0	2	0.255195856	0.10585088	0.638953264
0	2	0.312734649	0.232375609	0.454889742
0	0	0.428127548	0.219559038	0.352313414
0	0	0.651962766	0.046562126	0.301475108
0	0	0.525147194	0.034587024	0.440265781
0	1	0.271865313	0.378913054	0.349221633
0	2	0.365851292	0.152494259	0.481654449
0	2	0.336012733	0.272775485	0.391211782
0	1	0.249340932	0.442004988	0.30865408
0	2	0.332601882	0.075019361	0.592378758
0	2	0.348270174	0.141695238	0.510034587
0	0	0.541837627	0.160110848	0.298051525
0	0	0.568059596	0.122171566	0.309768838
0	2	0.377733187	0.207345833	0.41492098
0	2	0.411276773	0.080019184	0.508704044
0	0	0.697893408	0.044646074	0.257460518
0	2	0.343776332	0.30655318	0.349670488
0	2	0.460476369	0.036990515	0.502533115
0	1	0.127920059	0.712090867	0.159989074
0	2	0.398527701	0.125634514	0.475837785
0	0	0.52582388	0.048845699	0.425330421
0	0	0.656023746	0.01251962	0.331456635
0	2	0.414862755	0.030037535	0.55509971
0	0	0.552360767	0.045458572	0.402180662
0	1	0.225907892	0.569539056	0.204553051
0	2	0.303554853	0.304680086	0.391765062
0	0	0.5224463	0.112654116	0.364899584
0	0	0.543294143	0.050950311	0.405755545
0	0	0.573925032	0.06096493	0.365110038
0	0	0.504878241	0.097175371	0.397946388
0	0	0.417182294	0.249590926	0.333226781
0	2	0.364041379	0.261430256	0.374528365
0	1	0.30351954	0.523609402	0.172871058
0	0	0.558407805	0.054412262	0.387179933
0	0	0.587401034	0.084108512	0.328490454
0	2	0.357150318	0.257844516	0.385005166
0	0	0.539709244	0.209020129	0.251270628
0	1	0.126913919	0.494777939	0.378308142
0	0	0.667609306	0.004558088	0.327832606
0	0	0.372367019	0.328382792	0.299250189
0	0	0.530794811	0.031092777	0.438112412
0	2	0.296824811	0.251374059	0.45180113
0	2	0.359305354	0.260466068	0.380228579
0	0	0.445517319	0.152770397	0.401712284
0	0	0.5298558	0.035205591	0.43493861
0	1	0.058489165	0.863109457	0.078401379
0	0	0.526382876	0.114758377	0.358858747
0	2	0.402818912	0.174005535	0.423175553
0	0	0.517361558	0.164291447	0.318346995
0	2	0.37217823	0.018605791	0.60921598
0	2	0.425874574	0.114576747	0.459548679
0	2	0.435105126	0.094963031	0.469931843
0	1	0.176715351	0.69543688	0.127847769
0	0	0.386635818	0.351877538	0.261486645
0	1	0.18985295	0.597198662	0.212948388
0	0	0.674009851	0.008437151	0.317552998
0	0	0.445260805	0.139248512	0.415490683
0	0	0.600214035	0.023674211	0.376111754
0	1	0.2517379	0.518006851	0.230255248
0	0	0.621212735	0.14187886	0.236908405
0	2	0.413583489	0.122984632	0.463431879
0	2	0.451235773	0.049322974	0.499441253
0	0	0.665096095	0.032872339	0.302031566
0	1	0.139046519	0.675740106	0.185213376
0	1	0.309102334	0.376369887	0.314527779
0	0	0.523172014	0.057685758	0.419142228
0	0	0.401612179	0.239651766	0.358736055
0	0	0.415173012	0.178037701	0.406789287
0	0	0.530299298	0.126285038	0.343415664
0	0	0.534060858	0.057472685	0.408466457
0	0	0.558425037	0.024352156	0.417222807
0	0	0.515873449	0.138014877	0.346111674
0	0	0.897399139	0.004587801	0.09801306
0	0	0.598649212	0.038977159	0.362373629
0	2	0.32141925	0.141125046	0.537455704
0	2	0.441980879	0.031458418	0.526560703
0	0	0.703589538	0.00553502	0.290875443
0	0	0.663056037	0.050838783	0.28610518
0	0	0.518146993	0.158786252	0.323066755
0	0	0.390419954	0.304637628	0.304942418
0	2	0.440922061	0.116078667	0.442999272
0	0	0.569657585	0.067257965	0.36308445
0	2	0.472376545	0.038469912	0.489153543
0	1	0.299987267	0.479833914	0.220178819
0	2	0.370847566	0.073250942	0.555901492
0	2	0.351200061	0.202381805	0.446418135
0	1	0.106820783	0.733518268	0.15966095
1	2	0.347282637	0.063709836	0.589007527
1	1	0.228817195	0.413651326	0.357531479
1	1	0.037713419	0.923911206	0.038375375
0	1	0.258936137	0.475174191	0.265889672
1	1	0.054177903	0.888178849	0.057643249
1	1	0.166496764	0.606179335	0.227323901
0	2	0.416890555	0.009686409	0.573423037
0	0	0.5791769	0.01317351	0.40764959
0	0	0.682099805	0.010184592	0.307715603
0	0	0.529646623	0.098979231	0.371374146
1	0	0.744985931	0.038519528	0.216494541
1	1	0.371027743	0.389777802	0.239194455
0	0	0.542723241	0.048896191	0.408380568
0	0	0.523867872	0.174188753	0.301943375
1	2	0.297360369	0.013981636	0.688657994
1	1	0.189647812	0.40934926	0.401002928
0	2	0.461789309	0.008458812	0.529751879
0	0	0.4366746	0.12730532	0.43602008
1	1	0.196323182	0.618045567	0.185631252
0	2	0.468078322	0.063000057	0.468921621
0	0	0.892883238	6.81762E-06	0.107109944
1	2	0.314615696	0.315403219	0.369981085
0	0	0.708622047	0.036974271	0.254403682
0	0	0.790122593	0.01197221	0.197905197
0	0	0.67060466	0.037329346	0.292065994
1	1	0.182159068	0.637006784	0.180834149
0	0	0.685978381	0.00609974	0.307921879
1	1	0.233759071	0.419217959	0.34702297
1	1	0.08778572	0.819585597	0.092628683
1	2	0.472217952	0.053481759	0.474300289
0	0	0.395129508	0.274599475	0.330271017
0	0	0.511767363	0.083886958	0.404345679
0	0	0.680568939	0.008108632	0.311322429
1	1	0.075744833	0.776246588	0.148008579
0	1	0.30469489	0.475330768	0.219974343
1	1	0.096739637	0.795541661	0.107718702
0	0	0.648399009	0.034250675	0.317350316
0	2	0.441108758	0.067720671	0.491170571
0	0	0.530313278	0.123849599	0.345837123
1	1	0.139381591	0.658204342	0.202414066
1	1	0.236488515	0.468061476	0.295450008
0	1	0.110112107	0.764864733	0.12502316
0	1	0.234110695	0.491761605	0.2741277
1	1	0.076283078	0.821269354	0.102447568
0	1	0.219633772	0.613488481	0.166877747
1	1	0.254945445	0.560959988	0.184094568
0	0	0.436572173	0.136654208	0.426773619
0	0	0.669535517	0.048724609	0.281739874
0	0	0.709441422	0.000269302	0.290289276
1	1	0.345978776	0.439034252	0.214986972
0	0	0.404990392	0.334676149	0.260333459
0	0	0.372105078	0.356336776	0.271558146
1	1	0.287756581	0.572959433	0.139283986
1	1	0.097216097	0.778863889	0.123920014
1	1	0.103961649	0.767410665	0.128627686
0	0	0.625562215	0.046425589	0.328012196
0	1	0.069197828	0.862960985	0.067841187
0	0	0.391031851	0.366349948	0.242618201
0	0	0.43206156	0.174089246	0.393849193
0	0	0.492744808	0.174372081	0.332883111
1	1	0.206539928	0.538503367	0.254956706
1	1	0.084269013	0.82074644	0.094984547
1	1	0.206634381	0.589073494	0.204292125
1	1	0.10054778	0.819531668	0.079920552
1	1	0.048064535	0.881693593	0.070241872
1	1	0.055583505	0.870081154	0.074335341
0	2	0.435716009	0.027985616	0.536298375
0	2	0.420179647	0.039705207	0.540115146
0	0	0.64425587	0.076134077	0.279610052
1	1	0.22376302	0.642898942	0.133338038
1	1	0.150064666	0.768519783	0.081415551
1	1	0.029749201	0.920026332	0.050224467
1	1	0.056376797	0.850868568	0.092754635
0	0	0.524217365	0.014824874	0.460957762
1	1	0.183363204	0.67889665	0.137740146
1	1	0.03266479	0.917724948	0.049610263
1	1	0.029032021	0.926671756	0.044296223
0	2	0.430159768	0.090094281	0.47974595
1	1	0.212457112	0.579021808	0.20852108
0	2	0.360531222	0.088003674	0.551465104
0	0	0.651782714	0.076051538	0.272165747
1	1	0.005553955	0.987928419	0.006517626
1	1	0.107936164	0.74422245	0.147841386
1	1	0.03912595	0.678908209	0.281965841
0	2	0.364640044	0.170837137	0.46452282
0	0	0.570697869	0.104225825	0.325076306
1	0	0.513776179	0.054499293	0.431724529
0	0	0.56040565	0.015158492	0.424435859
1	1	0.212226965	0.556995016	0.230778019
0	0	0.477852039	0.078956822	0.443191139
0	2	0.362773138	0.217343201	0.419883661
1	1	0.092134042	0.46602743	0.441838528
1	1	0.272880626	0.558265375	0.168853999
0	0	0.406689752	0.367510031	0.225800217
1	1	0.217784416	0.407485625	0.374729959
0	1	0.208279327	0.653786012	0.137934661
1	2	0.22906171	0.238433738	0.532504551
0	0	0.448510773	0.1591477	0.392341527
0	1	0.125665053	0.761827428	0.112507519
0	2	0.432779731	0.114746907	0.452473362
1	2	0.345487174	0.171735503	0.482777323
1	1	0.245026018	0.508448738	0.246525244
0	0	0.512190193	0.0900708	0.397739007
0	0	0.651463201	0.01323839	0.33529841
0	0	0.45668097	0.169607179	0.373711852
1	1	0.050177107	0.869274441	0.080548452
0	1	0.293543076	0.495379629	0.211077295
0	0	0.410877723	0.247298389	0.341823889
0	0	0.445314744	0.21395834	0.340726916
0	0	0.674890828	0.049756989	0.275352182
0	2	0.346828276	0.052811543	0.600360181
0	0	0.670336904	0.071606112	0.258056984
0	0	0.846706448	0.018768014	0.134525538
0	0	0.511869897	0.165930742	0.32219936
1	0	0.461451796	0.094924097	0.443624107
0	0	0.569993927	0.0957773	0.334228773
0	0	0.644636609	0.053345347	0.302018043
0	1	0.159068987	0.619205987	0.221725026
0	0	0.568358333	0.090617929	0.341023738
1	1	0.224226189	0.527767221	0.24800659
0	2	0.472852081	0.007015925	0.520131994
0	0	0.459546917	0.106063825	0.434389258
1	2	0.262497101	0.344137071	0.393365828
0	0	0.511354747	0.222307947	0.266337305
0	1	0.179467559	0.587099589	0.233432852
0	0	0.813187866	0.024947214	0.16186492
0	1	0.337887537	0.457562327	0.204550136
0	0	0.519259468	0.032825436	0.447915096
0	2	0.304609797	0.144391968	0.550998234
1	1	0.30495111	0.411764453	0.283284437
0	0	0.642740568	0.032221733	0.325037699
0	2	0.456590601	0.005017276	0.538392123
1	1	0.065719714	0.832887804	0.101392482
1	1	0.121620886	0.771787086	0.106592027
1	1	0.279516666	0.385238229	0.335245105
1	1	0.264032314	0.428191916	0.30777577
1	1	0.210845156	0.62062312	0.168531724
1	0	0.380151394	0.252111028	0.367737577
0	1	0.291937298	0.468829445	0.239233257
1	1	0.085945263	0.789429564	0.124625173
0	1	0.342208659	0.400342593	0.257448748
0	2	0.363089759	0.123872161	0.51303808
0	0	0.502592923	0.077438227	0.419968851
0	0	0.565653869	0.047826618	0.386519513
0	0	0.588132381	0.074608322	0.337259297
1	2	0.318563742	0.224555431	0.456880827
0	0	0.413368838	0.25750529	0.329125871
0	1	0.164465124	0.631437229	0.204097646
1	0	0.408135052	0.228902954	0.362961994
1	2	0.243143712	0.329228709	0.427627579
0	0	0.481021056	0.173748881	0.345230063
1	1	0.060764847	0.847856541	0.091378612
0	2	0.29782303	0.141189005	0.560987965
0	0	0.737736753	0.00433355	0.257929697
1	2	0.243471089	0.119892823	0.636636088
0	1	0.378117346	0.432682667	0.189199987
1	0	0.381975796	0.345764271	0.272259933
1	2	0.283114571	0.037049382	0.679836047
1	1	0.043206669	0.888997895	0.067795435
1	1	0.054888533	0.826173216	0.118938251
0	0	0.568052766	0.064303516	0.367643718
0	0	0.3928433	0.23781922	0.36933748
1	1	0.343671582	0.451640494	0.204687924
1	0	0.391794931	0.336412662	0.271792407
1	1	0.196334445	0.600113951	0.203551604
1	0	0.555590574	0.072655686	0.37175374
0	0	0.652923007	0.032742018	0.314334975
1	1	0.114696412	0.697839228	0.187464359
1	1	0.127675564	0.724652615	0.147671821
1	1	0.122024407	0.660383737	0.217591856
1	1	0.129748701	0.690764885	0.179486413
1	1	0.189137791	0.715424306	0.095437903
0	0	0.767081756	0.011380409	0.221537835
1	1	0.201323481	0.481070089	0.31760643
1	1	0.04993871	0.90496516	0.045096131
1	1	0.090730384	0.799904464	0.109365152
1	1	0.12269853	0.785664905	0.091636565
0	2	0.377084881	0.237904733	0.385010386
1	1	0.036195139	0.929758444	0.034046418
1	1	0.0852012	0.828913257	0.085885543
1	1	0.194001398	0.600021426	0.205977176
1	2	0.273231965	0.333959965	0.39280807
0	0	0.535891275	0.019572613	0.444536112
1	1	0.246008073	0.491304626	0.262687301
1	1	0.216967137	0.601752301	0.181280562
0	0	0.707647431	0.008246971	0.284105598
1	1	0.23289725	0.495267178	0.271835572
0	2	0.392690496	0.16304427	0.444265234
1	1	0.053211253	0.864948438	0.081840309
0	2	0.374270724	0.048534719	0.577194557
1	0	0.486085111	0.159139907	0.354774982
1	0	0.394873755	0.323165994	0.281960251
1	1	0.259208557	0.56156806	0.179223383
0	2	0.34383725	0.177943918	0.478218832
0	2	0.219305059	0.043196684	0.737498257
1	1	0.066091172	0.847961454	0.085947374
0	0	0.599132938	0.001498978	0.399368084
0	0	0.785182322	0.005151644	0.209666034
1	1	0.121228561	0.689576539	0.1891949
1	1	0.325794912	0.506674143	0.167530945
0	1	0.325242184	0.397410633	0.277347182
1	0	0.533429726	0.096450251	0.370120023
1	1	0.255865794	0.569838544	0.174295662
1	1	0.047177028	0.897763875	0.055059096
0	1	0.227854093	0.44032165	0.331824257
1	1	0.238077022	0.435107985	0.326814993
1	0	0.602440584	0.090331754	0.307227663
1	1	0.214404141	0.669320316	0.116275543
1	1	0.028060003	0.925602792	0.046337205
0	2	0.437436525	0.101548002	0.461015474
0	2	0.293902554	0.286016146	0.4200813
0	0	0.450037301	0.111300135	0.438662564
0	1	0.214515287	0.534954129	0.250530584
0	0	0.507631348	0.037023598	0.455345054
1	0	0.5376305	0.058831153	0.403538348
1	1	0.203099972	0.535016898	0.261883129
0	0	0.448979171	0.132102284	0.418918545
1	1	0.262470038	0.373208384	0.364321578
1	1	0.190367443	0.653116889	0.156515667
0	0	0.518090464	0.033256488	0.448653048
0	0	0.582556707	0.08167325	0.335770043
0	0	0.493448489	0.055618644	0.450932867
2	1	0.123811137	0.635655859	0.240533005
1	1	0.215483705	0.682310815	0.10220548
2	2	0.246817162	0.37467082	0.378512019
1	1	0.102561325	0.75684684	0.140591835
0	0	0.400489794	0.28832499	0.311185215
2	2	0.48996083	0.015797085	0.494242085
0	0	0.624346637	0.09508828	0.280565083
2	2	0.259874182	0.224594735	0.515531083
0	2	0.42421646	0.07666489	0.49911865
0	2	0.224694986	0.318825479	0.456479534
0	0	0.761223154	0.011736769	0.227040077
0	0	0.533371178	0.076250012	0.39037881
0	0	0.63921191	0.025853242	0.334934847
1	1	0.121196069	0.646717548	0.232086383
0	2	0.440128738	0.109592317	0.450278946
0	0	0.5525988	0.080522145	0.366879054
2	2	0.230365857	0.121518769	0.648115374
1	1	0.16158002	0.778524532	0.059895448
1	1	0.12340153	0.726866996	0.149731473
2	1	0.133245862	0.737743354	0.129010785
1	1	0.097464304	0.787517977	0.115017719
1	1	0.055518113	0.883339256	0.06114263
1	2	0.224730052	0.242281413	0.532988535
1	2	0.358104305	0.0699041	0.571991596
2	0	0.404315683	0.198223655	0.397460662
0	2	0.417835173	0.131155945	0.451008882
0	0	0.47589784	0.147231063	0.376871097
0	0	0.351614284	0.337186028	0.311199688
1	1	0.099500392	0.772136685	0.128362923
1	2	0.385860919	0.117940114	0.496198967
0	0	0.591946587	0.066017272	0.342036141
1	1	0.066189893	0.849058239	0.084751868
1	1	0.210620254	0.463523354	0.325856392
1	1	0.261613644	0.456171473	0.282214883
0	0	0.676988705	0.00719693	0.315814365
1	1	0.00433899	0.990234254	0.005426756
0	0	0.581401596	0.085365474	0.33323293
1	1	0.121719489	0.779941665	0.098338846
2	1	0.008664407	0.969057061	0.022278531
1	1	0.176483789	0.656175985	0.167340226
1	2	0.300180509	0.292505652	0.407313839
0	0	0.74293041	0.06571994	0.19134965
0	0	0.496973842	0.315083409	0.18794275
0	2	0.361226854	0.070952183	0.567820964
1	1	0.150060385	0.698082843	0.151856771
2	2	0.426813236	0.031955571	0.541231193
0	0	0.462003211	0.205752058	0.332244732
2	2	0.17302335	0.260845051	0.566131599
1	1	0.232662906	0.546640109	0.220696985
1	1	0.095087852	0.761660734	0.143251414
0	1	0.24834643	0.584832023	0.166821548
1	1	0.186224286	0.583620992	0.230154722
0	0	0.655198097	0.049488367	0.295313537
1	2	0.378933337	0.237712105	0.383354558
0	0	0.428102442	0.172218241	0.399679317
1	1	0.283807693	0.448136051	0.268056257
0	0	0.401539089	0.283356235	0.315104676
0	1	0.29922805	0.464660016	0.236111934
0	0	0.597328236	0.007639764	0.395031999
1	1	0.055796315	0.881925711	0.062277975
2	2	0.25717796	0.238977235	0.503844806
1	1	0.146558399	0.67123814	0.182203461
2	0	0.569334822	0.081701201	0.348963977
0	0	0.586071747	0.027501546	0.386426707
2	0	0.450535511	0.149955247	0.399509242
0	1	0.278233776	0.476544773	0.24522145
1	1	0.249223652	0.427712267	0.323064081
1	1	0.094690855	0.826018715	0.079290429
1	2	0.305372691	0.275182075	0.419445235
0	2	0.333881775	0.201559971	0.464558254
2	0	0.566479029	0.060348739	0.373172232
0	2	0.438083042	0.102936108	0.458980849
0	2	0.384534981	0.17137168	0.444093339
1	1	0.318915595	0.470091085	0.21099332
0	1	0.313189113	0.361914213	0.324896673
0	0	0.459625658	0.15058269	0.389791652
1	2	0.34327562	0.166906484	0.489817896
1	1	0.242330655	0.463544847	0.294124497
2	2	0.395590227	0.086407882	0.518001892
2	0	0.716161771	0.009981227	0.273857002
0	1	0.040467832	0.927699045	0.031833124
1	1	0.014767256	0.967206795	0.018025949
1	1	0.133746472	0.742071804	0.124181724
1	2	0.408775121	0.127697627	0.463527252
0	1	0.149249457	0.633854297	0.216896246
0	1	0.222456074	0.405828097	0.371715829
1	2	0.412240647	0.152384552	0.435374801
2	0	0.450448046	0.181861016	0.367690939
2	2	0.255734607	0.122638404	0.621626989
0	2	0.434128426	0.076833474	0.489038101
1	0	0.478121836	0.179893604	0.341984559
1	2	0.34439466	0.294384951	0.361220389
0	0	0.55499861	0.065573104	0.379428286
0	2	0.252686743	0.144654849	0.602658409
2	2	0.308362841	0.024512352	0.667124807
0	0	0.526068307	0.125817327	0.348114367
1	1	0.217646124	0.524041281	0.258312595
2	2	0.429235413	0.106986806	0.463777781
1	1	0.263346049	0.514589215	0.222064736
0	2	0.363038864	0.094123702	0.542837435
1	1	0.129896837	0.69871335	0.171389813
1	0	0.353086806	0.320189797	0.326723398
0	0	0.428635128	0.268917876	0.302446995
2	2	0.271772766	0.103530505	0.624696729
2	2	0.433428843	0.015960671	0.550610486
1	1	0.167952156	0.627647783	0.204400061
2	2	0.288169774	0.335845019	0.375985207
2	2	0.334126312	0.09113292	0.574740768
0	0	0.626536402	0.020273343	0.353190255
2	2	0.231540284	0.294816718	0.473642998
0	2	0.42717396	0.059715483	0.513110557
2	2	0.258726827	0.173811744	0.56746143
0	0	0.462468747	0.105464983	0.43206627
0	0	0.72386642	0.009491597	0.266641983
0	1	0.296526056	0.522557535	0.180916409
0	0	0.594547122	0.150009703	0.255443175
0	0	0.537572844	0.134016681	0.328410475
1	0	0.604547799	0.013887383	0.381564818
2	2	0.278096702	0.242007544	0.479895754
1	1	0.180162396	0.534247196	0.285590408
1	1	0.2405832	0.533183678	0.226233121
1	0	0.417463745	0.225156947	0.357379307
0	0	0.519304551	0.119329731	0.361365718
0	0	0.607844137	0.098614518	0.293541344
2	2	0.26237685	0.320916778	0.416706372
1	1	0.193793649	0.644125721	0.16208063
0	0	0.504064449	0.046404857	0.449530694
2	2	0.238843627	0.35326167	0.407894702
1	1	0.096853001	0.748816812	0.154330187
0	2	0.40728326	0.091113767	0.501602972
1	1	0.173138902	0.559528338	0.26733276
0	0	0.398732974	0.30060345	0.300663577
0	1	0.221523253	0.584424476	0.194052271
0	0	0.449581357	0.225161255	0.325257388
2	2	0.189620117	0.3964392	0.413940683
0	1	0.28544625	0.449732852	0.264820899
1	1	0.228592391	0.553266866	0.218140743
0	0	0.707365971	0.032122225	0.260511804
1	2	0.319342991	0.288145549	0.392511459
1	1	0.221998862	0.485059836	0.292941302
2	0	0.455059244	0.174413273	0.370527482
1	2	0.275139079	0.232566618	0.492294302
1	2	0.424583026	0.130935858	0.444481116
0	0	0.542446462	0.251385946	0.206167592
2	2	0.329405575	0.248263267	0.422331158
1	1	0.300246153	0.355491966	0.344261881
1	2	0.45771914	0.082175382	0.460105478
0	1	0.23610775	0.477177371	0.286714879
2	1	0.232033831	0.563565285	0.204400884
1	2	0.418481977	0.110623642	0.470894381
0	0	0.732565589	0.060530833	0.206903578
1	2	0.386645169	0.056832446	0.556522385
1	1	0.15517102	0.540463911	0.304365069
0	1	0.023616989	0.944321177	0.032061834
1	1	0.171587234	0.619734891	0.208677874
2	0	0.391338762	0.298381713	0.310279525
1	1	0.02316503	0.928568177	0.048266793
1	1	0.052054375	0.82980344	0.118142185
2	1	0.172084318	0.591336116	0.236579565
1	2	0.248294475	0.092908528	0.658796997
2	1	0.24135672	0.40588749	0.35275579
0	0	0.53686506	0.106202408	0.356932532
0	0	0.491673097	0.025521317	0.482805586
1	1	0.191545202	0.505033026	0.303421772
1	1	0.206789354	0.560708219	0.232502427
0	1	0.360496221	0.39134185	0.248161929
2	1	0.068811726	0.834868449	0.096319825
2	2	0.310962804	0.199591605	0.489445591
2	0	0.514430362	0.05583831	0.429731328
1	1	0.108905758	0.791541966	0.099552277
1	1	0.124239518	0.777599256	0.098161227
0	2	0.365143821	0.052378244	0.582477936
1	1	0.204282447	0.565043986	0.230673567
1	0	0.435133862	0.218514792	0.346351346
2	1	0.258046652	0.390231593	0.351721754
2	1	0.220802543	0.456901956	0.322295501
0	0	0.610622087	0.006744169	0.382633745
0	0	0.395363255	0.338155205	0.266481541
1	1	0.269475139	0.387097322	0.343427539
2	2	0.427874159	0.09910988	0.473015961
2	0	0.589716489	0.035914528	0.374368982
2	2	0.457569847	0.070783756	0.471646396
2	2	0.306569894	0.207752147	0.485677959
2	1	0.054355517	0.829021528	0.116622955
1	2	0.42115965	0.131369239	0.447471111
0	2	0.373992832	0.147707894	0.478299274
1	1	0.263955399	0.448038938	0.288005663
0	0	0.498815362	0.152755104	0.348429534
0	1	0.279685944	0.380340668	0.339973388
1	1	0.178011226	0.565124812	0.256863962
0	1	0.337887537	0.457562327	0.204550136
0	2	0.384686148	0.141730562	0.473583291
1	1	0.218695045	0.684424454	0.096880501
2	2	0.320496689	0.040587979	0.638915332
0	0	0.644317036	0.054417778	0.301265187
1	2	0.299288063	0.345573906	0.35513803
2	1	0.31378881	0.37937311	0.30683808
1	1	0.018425931	0.954568072	0.027005997
1	2	0.380497532	0.117763655	0.501738813
0	0	0.663561705	0.008271549	0.328166745
0	0	0.638354412	0.046260739	0.315384849
0	0	0.692500028	0.024737202	0.28276277
0	2	0.364064738	0.119251142	0.516684121
2	2	0.255500067	0.163632436	0.580867497
2	0	0.581146183	0.132621914	0.286231903
0	0	0.433455108	0.196328295	0.370216597
0	2	0.253314605	0.216444079	0.530241316
1	1	0.291390915	0.452535276	0.256073809
1	2	0.384020462	0.090350435	0.525629103
2	1	0.162655797	0.650301623	0.18704258
1	1	0.063370951	0.838576301	0.098052748
1	1	0.238763869	0.505159928	0.256076203
1	2	0.184584742	0.319101319	0.496313938
1	1	0.068893721	0.855995428	0.075110851
1	2	0.340525774	0.277103426	0.3823708
1	1	0.260330073	0.532269711	0.207400216
0	1	0.276891293	0.458162985	0.264945722
1	1	0.086134029	0.758698568	0.155167403
1	1	0.205715258	0.597523116	0.196761625
1	1	0.107704016	0.787597266	0.104698718
1	1	0.21847853	0.569117974	0.212403496
1	1	0.237872368	0.525701868	0.236425763
1	2	0.369703506	0.16377628	0.466520214
0	0	0.748877147	0.007023593	0.24409926
2	0	0.447116806	0.204981529	0.347901666
0	1	0.077643455	0.797217277	0.125139268
0	0	0.755788953	0.023409974	0.220801073
1	1	0.073435096	0.790449653	0.136115251
0	0	0.558140603	0.011891346	0.429968051
0	0	0.51320294	0.107100898	0.379696163
1	1	0.319352965	0.485120331	0.195526704
2	2	0.21078308	0.372907182	0.416309738
1	1	0.244350468	0.46081817	0.294831362
2	0	0.435804355	0.186120333	0.378075312
1	1	0.301163188	0.362183965	0.336652847
1	1	0.215483705	0.682310815	0.10220548
1	1	0.074986602	0.831564993	0.093448404
0	0	0.521497165	0.059991557	0.418511278
2	2	0.184316695	0.36626439	0.449418915
2	2	0.333876976	0.069865544	0.596257481
0	1	0.319605628	0.373750262	0.30664411
1	2	0.187393303	0.311254104	0.501352593
2	2	0.281908982	0.21865262	0.499438397
0	0	0.754039794	0.005790653	0.240169553
2	0	0.577538927	0.00182171	0.420639363
2	0	0.427175808	0.155569979	0.417254212
1	1	0.056783989	0.868749136	0.074466875
1	1	0.135446453	0.722759394	0.141794153
2	2	0.296621555	0.102581448	0.600796996
1	1	0.210954589	0.526232375	0.262813037
2	2	0.35072538	0.094254967	0.555019653
1	1	0.232171112	0.50845395	0.259374938
1	1	0.006235405	0.982345995	0.0114186
0	0	0.403527709	0.30224718	0.294225111
2	1	0.154796458	0.703319364	0.141884178
0	2	0.378030986	0.013664158	0.608304857
2	2	0.365866101	0.257615309	0.37651859
1	2	0.352832624	0.253583661	0.393583715
1	1	0.27353126	0.525587094	0.200881646
1	1	0.019959342	0.941050966	0.038989692
2	2	0.289078242	0.105456378	0.60546538
1	1	0.008298787	0.979957603	0.011743611
1	1	0.046836734	0.906025816	0.04713745
1	1	0.159290653	0.683365968	0.157343378
0	0	0.548320146	0.099212035	0.352467819
1	1	0.197595252	0.590057954	0.212346794
1	1	0.08782339	0.805954968	0.106221642
0	0	0.691139783	0.070319004	0.238541213
1	1	0.312080429	0.381099669	0.306819903
0	1	0.244707985	0.478887451	0.276404564
0	0	0.536737507	0.09225986	0.371002633
1	1	0.252460146	0.58373867	0.163801184
1	0	0.478334938	0.105362964	0.416302098
0	1	0.267362762	0.534272708	0.19836453
2	0	0.533868452	0.045839651	0.420291897
2	0	0.530747172	0.033015785	0.436237043
2	2	0.305383494	0.023617037	0.670999469
0	1	0.049577819	0.901665436	0.048756745
1	1	0.319913789	0.398637129	0.281449082
2	2	0.248400183	0.054491302	0.697108515
2	1	0.329324043	0.390857171	0.279818786
1	2	0.354097144	0.206432048	0.439470808
1	1	0.080118398	0.785174134	0.134707468
0	2	0.258845347	0.064588138	0.676566516
1	1	0.047780921	0.890805779	0.0614133
0	0	0.618010499	0.039614905	0.342374596
2	2	0.288307047	0.317229677	0.394463276
1	1	0.221007623	0.485897257	0.293095119
2	1	0.199252201	0.536609887	0.264137913
0	0	0.592609771	0.046369231	0.361020998
0	0	0.428963873	0.177145726	0.393890402
1	0	0.394298206	0.270374353	0.335327441
1	1	0.103108037	0.745665671	0.151226292
2	1	0.155831498	0.514438124	0.329730378
2	2	0.448188957	0.066827517	0.484983526
1	1	0.0399086	0.907770714	0.052320687
2	1	0.174604628	0.643501364	0.181894009
1	1	0.251101311	0.374561679	0.37433701
0	0	0.464607445	0.101371587	0.434020968
2	0	0.478302539	0.113788727	0.407908734
2	0	0.604943243	0.034793641	0.360263116
0	2	0.316124852	0.276783949	0.407091199
1	1	0.093661755	0.786026056	0.120312189
1	1	0.081092316	0.74798895	0.170918734
0	1	0.002853643	0.994357041	0.002789316
1	1	0.088664319	0.814486247	0.096849434
2	0	0.461917683	0.135786894	0.402295423
1	1	0.190841152	0.591192341	0.217966507
0	0	0.502382972	0.090148898	0.40746813
2	2	0.135643438	0.268065047	0.596291514
1	1	0.219351717	0.583752129	0.196896155
1	1	0.113187189	0.704186328	0.182626483
2	1	0.268252231	0.429717363	0.302030407
1	1	0.141437596	0.671328511	0.187233893
1	0	0.43804535	0.276973669	0.284980981
2	2	0.412278185	0.168039375	0.419682439
1	1	0.319182303	0.415782556	0.26503514
0	1	0.005189545	0.990733926	0.004076529
1	1	0.055393626	0.873287248	0.071319126
1	1	0.016446935	0.955313074	0.028239992
2	1	0.277958866	0.407513124	0.314528011
2	1	0.219724723	0.589618373	0.190656905
1	1	0.081353966	0.759613375	0.159032659
1	1	0.140277861	0.674468636	0.185253503
0	0	0.65457324	0.022481292	0.322945469
1	1	0.132086358	0.739782288	0.128131354
2	2	0.260013013	0.097381054	0.642605933
1	1	0.101657842	0.790063	0.108279158
2	2	0.270782325	0.27625249	0.452965185
0	1	0.315998899	0.418149376	0.265851725
1	1	0.189884231	0.633281213	0.176834555
1	2	0.333081284	0.221913254	0.445005462
0	0	0.533723249	0.016398296	0.449878454
2	2	0.442464481	0.066331188	0.491204331
1	1	0.16407461	0.509852396	0.326072994
2	2	0.319787289	0.2430716	0.437141111
1	1	0.100634204	0.773628824	0.125736972
0	0	0.653455045	0.045104127	0.301440828
0	2	0.34277948	0.084334187	0.572886333
1	0	0.530495597	0.131211649	0.338292754
0	0	0.541830186	0.073858614	0.3843112
1	1	0.166186359	0.705713821	0.12809982
0	0	0.390582888	0.224379813	0.385037299
0	0	0.541263095	0.131460375	0.327276531
1	2	0.382227978	0.216549083	0.401222939
1	0	0.439440896	0.159381903	0.401177201
1	1	0.23113569	0.428163418	0.340700891
0	0	0.49657081	0.105280276	0.398148914
1	1	0.230286341	0.462813189	0.30690047
2	1	0.202762339	0.457343408	0.339894253
1	1	0.150096177	0.708943808	0.140960015
1	2	0.468218896	0.043429369	0.488351735
1	1	0.068856343	0.85220095	0.078942707
2	1	0.182435982	0.604498583	0.213065435
1	1	0.050177034	0.884707804	0.065115162
1	1	0.189404907	0.604551638	0.206043454
0	0	0.709965032	0.041938981	0.248095988
1	1	0.230001872	0.688205473	0.081792655
2	0	0.461777293	0.143894836	0.394327872
2	2	0.276176267	0.096200957	0.627622776
0	1	0.391369198	0.423075798	0.185555004
2	1	0.130856811	0.698477999	0.17066519
1	1	0.15017564	0.724010245	0.125814115
1	1	0.053743572	0.855104827	0.091151601
1	1	0.228298195	0.476826478	0.294875327
0	0	0.644366274	0.046038008	0.309595718
0	0	0.45633382	0.194926897	0.348739283
1	2	0.282318824	0.1635857	0.554095476
0	0	0.785026126	0.007974245	0.206999629
1	1	0.075311601	0.801940312	0.122748087
0	2	0.332323097	0.070563124	0.597113779
1	1	0.18163843	0.569021411	0.249340159
2	0	0.500242989	0.119330143	0.380426868
1	0	0.504170748	0.146220389	0.349608863
0	0	0.359686466	0.293310778	0.347002756
1	0	0.439991011	0.217686139	0.34232285
0	0	0.588164896	0.055130734	0.35670437
2	0	0.402051058	0.322589008	0.275359934
0	1	0.169626827	0.558916948	0.271456224
1	1	0.180351515	0.588165168	0.231483317
1	2	0.229633386	0.23492917	0.535437444
0	2	0.395969764	0.152908217	0.451122019
1	1	0.106536847	0.729377116	0.164086037
1	1	0.04809239	0.894284487	0.057623124
1	1	0.263608307	0.537519113	0.19887258
1	2	0.309107932	0.247173498	0.44371857
1	1	0.148279577	0.657207321	0.194513102
1	1	0.047780921	0.890805779	0.0614133
0	0	0.616044145	0.047078604	0.336877251
1	0	0.654491089	0.000262648	0.345246264
0	1	0.21510159	0.59419671	0.1907017
0	0	0.485442919	0.335077453	0.179479628
1	1	0.042994778	0.930924962	0.026080259
1	1	0.002445238	0.996194547	0.001360215
1	2	0.252461194	0.100660911	0.646877895
2	0	0.492586589	0.337299163	0.170114248
