0	0	0.35479667	0.320391878	0.324811452
0	0	0.387420746	0.304360028	0.308219226
0	0	0.356078895	0.328012698	0.315908407
0	1	0.335762568	0.345711381	0.318526052
0	0	0.35326732	0.321862698	0.324869983
0	2	0.336001972	0.323667589	0.34033044
0	0	0.345371403	0.326986984	0.327641613
0	0	0.338603715	0.328333691	0.333062594
0	0	0.362182379	0.314237131	0.32358049
0	0	0.356500036	0.317422706	0.326077258
0	2	0.323198974	0.332309961	0.344491064
0	0	0.34264475	0.325998962	0.331356288
0	2	0.329756245	0.325757659	0.344486096
0	0	0.339912323	0.325671014	0.334416663
0	0	0.346706939	0.321012437	0.332280624
0	0	0.357335034	0.329235668	0.313429298
0	0	0.342922366	0.32809529	0.328982344
0	0	0.337278146	0.331592879	0.331128974
0	0	0.351341362	0.324815813	0.323842825
0	0	0.335858568	0.333382388	0.330759043
0	0	0.344724048	0.341259859	0.314016093
0	1	0.330384705	0.34483214	0.324783156
0	0	0.344345975	0.335709732	0.319944292
0	0	0.351001203	0.33089121	0.318107587
0	0	0.338686124	0.329367382	0.331946493
0	1	0.298276382	0.365081462	0.336642156
0	1	0.327173683	0.344636821	0.328189495
0	2	0.333629597	0.33123609	0.335134313
0	0	0.346507792	0.330830218	0.32266199
0	0	0.340217373	0.332381946	0.327400681
0	0	0.340425256	0.329045352	0.330529392
0	0	0.333466652	0.333100041	0.333433307
0	1	0.33203443	0.334400263	0.333565307
0	0	0.353730609	0.325784341	0.320485051
0	0	0.353804553	0.34225109	0.303944357
0	0	0.355700603	0.342129518	0.302169879
0	0	0.339962982	0.331635587	0.328401431
0	0	0.369836111	0.317208715	0.312955174
0	0	0.337386948	0.329583747	0.333029304
0	0	0.341901849	0.324804578	0.333293573
0	0	0.351800253	0.330386622	0.317813125
0	0	0.344826814	0.329060723	0.326112463
0	0	0.341939543	0.330872779	0.327187678
0	0	0.336004747	0.335400483	0.32859477
0	0	0.352897285	0.331218089	0.315884626
0	1	0.335343093	0.344486247	0.32017066
0	0	0.367048232	0.317346191	0.315605578
0	0	0.357000003	0.326306065	0.316693931
0	1	0.321173673	0.342298106	0.336528221
0	0	0.351224354	0.322636146	0.3261395
0	0	0.350425268	0.319688623	0.329886109
0	1	0.321113781	0.358990354	0.319895865
0	1	0.33707201	0.337877023	0.325050967
0	0	0.357826812	0.316286707	0.325886481
0	0	0.342977103	0.32719741	0.329825487
0	0	0.373585827	0.315023667	0.311390506
0	0	0.345023509	0.330402814	0.324573677
0	1	0.337361556	0.348053158	0.314585286
0	0	0.342156526	0.32949735	0.328346125
0	0	0.33509938	0.330738206	0.334162414
0	1	0.323445061	0.344822321	0.331732617
0	0	0.34003782	0.32748978	0.3324724
0	1	0.331236139	0.33510085	0.33366301
0	2	0.325137169	0.335575561	0.33928727
0	0	0.350116306	0.315975729	0.333907965
0	2	0.327436411	0.335155255	0.337408334
0	0	0.36676357	0.319040297	0.314196133
0	2	0.330970849	0.334330593	0.334698559
0	0	0.350520805	0.328100532	0.321378663
0	0	0.366699312	0.317742783	0.315557905
0	0	0.352584578	0.323400189	0.324015233
0	0	0.354184206	0.326136868	0.319678926
0	0	0.353072759	0.325080925	0.321846316
0	0	0.333866292	0.333832907	0.332300802
0	0	0.346257783	0.333113588	0.320628629
0	0	0.342736248	0.326216475	0.331047277
0	0	0.378288438	0.312922942	0.308788621
0	0	0.356363001	0.32461825	0.319018749
0	0	0.339257795	0.32919829	0.331543915
0	0	0.342054828	0.329827913	0.328117259
0	0	0.341143519	0.328357602	0.330498878
0	0	0.359393802	0.323473996	0.317132202
0	0	0.379453542	0.308256482	0.312289977
0	0	0.35359269	0.325983138	0.320424172
0	0	0.34616323	0.327081844	0.326754926
0	1	0.334822892	0.342613062	0.322564047
0	2	0.328419488	0.324210086	0.347370426
0	0	0.350381495	0.328528156	0.321090349
0	0	0.364590659	0.32401028	0.311399061
0	0	0.357817907	0.320769956	0.321412137
0	1	0.333131924	0.334634395	0.332233681
0	0	0.376568845	0.316936325	0.30649483
0	2	0.335679298	0.328473523	0.33584718
0	0	0.355935939	0.322257453	0.321806608
0	1	0.332528656	0.338974892	0.328496453
0	2	0.330168279	0.330763117	0.339068604
0	0	0.348494125	0.321958087	0.329547787
0	2	0.333499354	0.332433861	0.334066785
0	1	0.308112997	0.35801203	0.333874973
0	0	0.361153436	0.3260344	0.312812165
0	2	0.328515812	0.332116221	0.339367968
0	0	0.35454769	0.321193217	0.324259093
0	2	0.331615447	0.331184627	0.337199926
0	0	0.356796479	0.30835926	0.334844261
0	1	0.333552024	0.344432745	0.322015231
0	0	0.338556747	0.325281747	0.336161507
0	0	0.348400661	0.319626505	0.331972834
0	0	0.362339289	0.322815527	0.314845183
0	0	0.369873349	0.316670135	0.313456516
0	1	0.332707892	0.342668979	0.324623129
0	1	0.324655089	0.33939457	0.335950341
0	0	0.348209328	0.330995181	0.32079549
0	1	0.32217845	0.349955354	0.327866196
0	0	0.36212012	0.312147546	0.325732333
0	0	0.346978222	0.327033306	0.325988472
0	0	0.364555197	0.317849491	0.317595313
0	0	0.35479667	0.320391878	0.324811452
0	0	0.343576192	0.327867282	0.328556526
0	0	0.346791646	0.331764094	0.32144426
0	0	0.346094763	0.326200629	0.327704608
0	0	0.34658988	0.319175842	0.334234278
0	2	0.333970427	0.330250827	0.335778746
0	0	0.364561053	0.308460573	0.326978374
0	0	0.371145584	0.313153785	0.315700631
0	2	0.318770464	0.331216187	0.350013349
0	0	0.343553308	0.324875584	0.331571108
0	2	0.328059576	0.328059576	0.343880848
0	0	0.357142483	0.326828254	0.316029263
0	1	0.342613912	0.351533211	0.305852877
0	2	0.337615153	0.320796398	0.341588449
0	2	0.333914519	0.32868013	0.337405351
0	1	0.336746771	0.33945155	0.323801679
0	0	0.366473745	0.319107132	0.314419123
0	0	0.343546991	0.3256828	0.330770209
0	1	0.321320014	0.343208301	0.335471685
0	0	0.35404113	0.325288699	0.320670172
0	0	0.344670368	0.316773974	0.338555658
0	0	0.348396009	0.325883446	0.325720545
0	0	0.344727294	0.328013135	0.327259571
0	0	0.342396189	0.323360731	0.33424308
0	0	0.347014969	0.330850932	0.322134099
0	0	0.351649243	0.324483345	0.323867412
0	0	0.335888458	0.334346919	0.329764623
0	0	0.339534282	0.32798731	0.332478408
0	0	0.339178769	0.326825801	0.33399543
0	0	0.346351524	0.3288015	0.324846975
0	2	0.330899746	0.326071097	0.343029156
0	0	0.339406353	0.324698828	0.335894819
0	0	0.38456536	0.31244041	0.30299423
0	0	0.370616292	0.316989064	0.312394644
0	0	0.34296652	0.327481916	0.329551564
0	0	0.350299057	0.32243038	0.327270563
0	2	0.321917563	0.327535189	0.350547248
0	0	0.345574659	0.327801653	0.326623689
0	0	0.348875678	0.321248715	0.329875607
0	0	0.348815999	0.331240455	0.319943546
0	2	0.333868854	0.328569461	0.337561685
0	2	0.330904443	0.334430687	0.33466487
0	0	0.347055476	0.327957701	0.324986824
0	0	0.346716933	0.327637787	0.32564528
0	0	0.345901165	0.328373961	0.325724875
0	0	0.337564055	0.327260106	0.335175839
0	0	0.347156459	0.342501339	0.310342202
0	1	0.333064738	0.343002206	0.323933056
0	2	0.328431413	0.322862982	0.348705605
0	0	0.353344114	0.316474417	0.330181469
0	0	0.348334917	0.340891561	0.310773522
0	1	0.32289927	0.354653202	0.322447527
0	1	0.32819542	0.341931089	0.329873492
0	0	0.338564032	0.329940798	0.33149517
0	0	0.342315137	0.319012972	0.338671891
0	0	0.371693228	0.312582632	0.31572414
0	1	0.326949101	0.342716819	0.33033408
0	0	0.372860652	0.315388358	0.31175099
0	1	0.307572288	0.364822211	0.327605501
0	1	0.331750509	0.336764276	0.331485215
0	0	0.361036341	0.31737328	0.321590379
0	1	0.335383876	0.340929521	0.323686603
0	1	0.295957232	0.379143575	0.324899193
0	0	0.351610913	0.329186745	0.319202342
0	0	0.340637868	0.330801978	0.328560155
0	0	0.344394398	0.320854422	0.334751179
0	0	0.338944039	0.329354611	0.33170135
0	0	0.34824738	0.326886524	0.324866097
0	2	0.324831786	0.336301294	0.338866921
0	0	0.369106539	0.316393068	0.314500393
0	0	0.34040329	0.329518027	0.330078684
0	1	0.32786644	0.339544947	0.332588613
0	2	0.332345165	0.333710578	0.333944257
0	0	0.371330471	0.310720074	0.317949455
0	2	0.335402052	0.327480977	0.337116972
0	0	0.342509329	0.324471887	0.333018784
0	1	0.331176302	0.336652375	0.332171323
0	0	0.354654483	0.319623592	0.325721925
0	0	0.338627155	0.325544663	0.335828182
0	0	0.383077944	0.307304305	0.309617752
0	2	0.331571413	0.326177989	0.342250598
0	0	0.341875541	0.328897698	0.329226761
0	0	0.340418282	0.339500393	0.320081325
0	1	0.324900685	0.344991421	0.330107894
0	0	0.348334614	0.318991212	0.332674174
0	0	0.355416863	0.328978159	0.315604978
0	0	0.351863119	0.328929103	0.319207778
0	0	0.366324302	0.310977018	0.322698681
0	1	0.316979807	0.349721831	0.333298362
0	1	0.334740232	0.337901626	0.327358142
0	0	0.362542088	0.319047685	0.318410227
0	0	0.343998522	0.325524381	0.330477098
0	0	0.393302601	0.29898078	0.307716619
0	2	0.338934301	0.321792294	0.339273405
0	0	0.341360563	0.324907098	0.333732338
0	0	0.346117089	0.332678689	0.321204222
0	0	0.342132032	0.327437344	0.330430623
0	0	0.353516932	0.31945978	0.327023287
0	2	0.335790307	0.328352222	0.335857472
0	0	0.343835359	0.327491773	0.328672868
0	0	0.39559974	0.311127546	0.293272715
0	2	0.317581052	0.330277453	0.352141495
0	0	0.346115325	0.317561668	0.336323007
0	0	0.340998614	0.329401843	0.329599543
0	0	0.344656071	0.315717246	0.339626683
0	0	0.358308918	0.319129034	0.322562048
0	0	0.348280628	0.329378834	0.322340538
0	2	0.324078867	0.334851417	0.341069716
0	1	0.320001918	0.349193772	0.330804309
0	0	0.340774076	0.334260197	0.324965727
0	0	0.347329799	0.326384051	0.32628615
0	0	0.354319495	0.334989448	0.310691057
0	0	0.33817165	0.329822162	0.332006188
0	1	0.332710468	0.334612333	0.332677199
0	2	0.328177997	0.329361567	0.342460436
0	2	0.324286525	0.328990035	0.34672344
0	0	0.361860469	0.331013345	0.307126186
0	0	0.35605028	0.325242793	0.318706927
0	0	0.35732607	0.313578186	0.329095745
0	0	0.345297655	0.336334706	0.318367639
0	2	0.31630725	0.324444358	0.359248393
0	1	0.33117628	0.342904095	0.325919625
0	0	0.339107045	0.332957823	0.327935133
0	1	0.334513941	0.338349219	0.32713684
0	0	0.354866228	0.326372999	0.318760774
0	1	0.326559847	0.339683137	0.333757016
0	0	0.343472939	0.329609404	0.326917658
0	1	0.329490955	0.346280418	0.324228626
0	0	0.352466491	0.318797325	0.328736184
0	0	0.365260865	0.314037309	0.320701825
0	2	0.325750678	0.334967093	0.33928223
0	0	0.374826682	0.314462156	0.310711161
0	0	0.34105503	0.332734156	0.326210814
0	0	0.335318487	0.334916346	0.329765167
0	1	0.325749324	0.339586309	0.334664367
0	0	0.366421933	0.317121662	0.316456405
0	2	0.333731584	0.331768365	0.33450005
0	0	0.34185156	0.325569712	0.332578728
0	1	0.338069139	0.34510559	0.316825271
0	0	0.338879469	0.336179249	0.324941282
0	2	0.330318103	0.331509391	0.338172506
0	2	0.326591738	0.333556039	0.339852223
0	2	0.334578494	0.326024167	0.339397339
0	2	0.334025113	0.327443715	0.338531172
0	0	0.335781797	0.332773319	0.331444884
0	0	0.356333046	0.318068197	0.325598757
0	2	0.313214064	0.337676004	0.349109933
0	2	0.336269601	0.317670036	0.346060364
0	1	0.331114827	0.334442586	0.334442586
0	0	0.356554592	0.322462665	0.320982743
0	2	0.319511349	0.329802105	0.350686546
0	0	0.336011826	0.334135419	0.329852755
0	0	0.34223225	0.330692718	0.327075032
0	1	0.335389371	0.342404285	0.322206344
0	1	0.333602027	0.3376969	0.328701073
0	0	0.339833612	0.324587817	0.335578571
0	0	0.355646211	0.320453265	0.323900525
0	2	0.32186549	0.333930779	0.344203731
0	1	0.332953597	0.339475959	0.327570445
0	0	0.356955	0.320252493	0.322792507
0	0	0.337768423	0.329824443	0.332407133
0	0	0.36243821	0.318828712	0.318733078
0	0	0.334322287	0.33365431	0.332023403
0	2	0.317607855	0.329480595	0.35291155
0	1	0.319739567	0.343094806	0.337165627
0	0	0.338875916	0.332066089	0.329057995
0	0	0.370634255	0.320126343	0.309239402
0	0	0.340197431	0.32302384	0.33677873
0	1	0.326950963	0.338089346	0.334959691
0	2	0.328626355	0.332095111	0.339278535
0	1	0.329199035	0.337094241	0.333706725
0	1	0.325420009	0.342652455	0.331927537
0	2	0.32719384	0.331475128	0.341331033
0	2	0.321759465	0.338764191	0.339476344
0	0	0.355506314	0.328272157	0.316221529
0	0	0.352876737	0.325648575	0.321474688
0	1	0.330581544	0.336114998	0.333303457
0	2	0.334581213	0.328251354	0.337167433
0	0	0.365551899	0.317319218	0.317128883
0	1	0.320663839	0.342096666	0.337239495
0	2	0.325515407	0.334156616	0.340327978
0	1	0.316988722	0.346286406	0.336724873
0	2	0.332665511	0.330113823	0.337220666
0	0	0.345475273	0.321764873	0.332759854
0	0	0.365401409	0.308337974	0.326260617
0	2	0.337083778	0.320772291	0.342143931
0	1	0.331977108	0.335447686	0.332575205
0	1	0.325408379	0.341545513	0.333046108
0	2	0.333088916	0.33332216	0.333588924
0	0	0.34214512	0.328236693	0.329618187
0	0	0.352922556	0.325593166	0.321484279
0	0	0.349213656	0.325149127	0.325637217
0	0	0.348519864	0.324762851	0.326717285
0	0	0.337434593	0.330984549	0.331580858
0	1	0.326051314	0.340411362	0.333537324
0	0	0.341527517	0.333828789	0.324643694
0	0	0.344736839	0.328974862	0.326288298
0	0	0.344038764	0.328177407	0.32778383
0	0	0.335648435	0.332209	0.332142565
0	0	0.379689854	0.337901606	0.28240854
0	2	0.323567333	0.335662849	0.340769818
0	0	0.350425268	0.319688623	0.329886109
0	1	0.339858783	0.340777642	0.319363575
0	0	0.342813556	0.324338178	0.332848267
0	1	0.329233209	0.336724922	0.334041869
0	2	0.330825836	0.333516407	0.335657757
0	0	0.341245289	0.326001356	0.332753355
0	1	0.330424884	0.336729304	0.332845812
0	1	0.319393336	0.345441522	0.335165142
0	0	0.353735204	0.324812672	0.321452125
0	2	0.325611535	0.336233232	0.338155233
0	0	0.347301499	0.328649974	0.324048526
0	2	0.334763044	0.321862022	0.343374934
0	1	0.333620844	0.334389055	0.331990101
0	0	0.339336164	0.326814016	0.33384982
0	1	0.340389366	0.341343792	0.318266842
0	0	0.349007227	0.333583307	0.317409466
0	1	0.319208106	0.3489551	0.331836793
0	0	0.370575855	0.314743544	0.314680601
0	0	0.338293556	0.332391678	0.329314766
0	2	0.334262822	0.328924281	0.336812897
0	1	0.313002285	0.356099609	0.330898106
0	0	0.366503152	0.317128522	0.316368326
0	2	0.327559806	0.3304881	0.341952094
0	2	0.334454886	0.329212027	0.336333087
0	0	0.351247692	0.327992798	0.32075951
0	1	0.327747354	0.344275789	0.327976857
0	1	0.331308892	0.340580376	0.328110732
0	0	0.342238555	0.324539749	0.333221696
0	0	0.340872397	0.331162173	0.32796543
0	0	0.34296918	0.332999367	0.324031453
0	0	0.342179607	0.335471084	0.322349308
0	0	0.342208092	0.326692384	0.331099524
0	0	0.355209364	0.316431685	0.328358951
0	0	0.339900189	0.327030033	0.333069778
0	0	0.404259199	0.302129657	0.293611144
0	0	0.349416771	0.324104306	0.326478924
0	2	0.325534565	0.333708764	0.340756671
0	2	0.329800174	0.330559587	0.339640239
0	0	0.372636472	0.309823673	0.317539855
0	0	0.348212076	0.327376769	0.324411155
0	0	0.343260334	0.328911643	0.327828023
0	0	0.339157584	0.331280301	0.329562115
0	0	0.344737222	0.324142247	0.331120531
0	0	0.343676008	0.329474637	0.326849355
0	1	0.322996197	0.341497565	0.335506238
0	1	0.329137853	0.348757441	0.322104707
0	2	0.313812681	0.34178991	0.344397409
0	0	0.341976743	0.329291288	0.328731968
0	1	0.31506616	0.348201957	0.336731883
1	2	0.322518273	0.33337227	0.344109457
1	1	0.304881955	0.364645142	0.330472903
1	1	0.315527101	0.360699275	0.323773623
0	1	0.327918056	0.341232392	0.330849552
1	1	0.312228951	0.359041053	0.328729997
1	1	0.316311281	0.346134281	0.337554438
0	2	0.334404971	0.324229872	0.341365157
0	0	0.355557416	0.313088765	0.331353819
0	0	0.375578133	0.310649892	0.313771975
0	0	0.345755878	0.327416471	0.326827651
1	0	0.378438434	0.3181915	0.303370066
1	0	0.344895877	0.337424765	0.317679358
0	0	0.348416947	0.327078396	0.324504657
0	1	0.336215267	0.338678619	0.325106113
1	2	0.323903636	0.322255933	0.353840431
1	1	0.308102306	0.347419121	0.344478573
0	0	0.34662013	0.310483095	0.342896775
0	0	0.335011011	0.331014904	0.333974085
1	0	0.35522694	0.337800963	0.306972097
0	2	0.335171694	0.329488984	0.335339322
0	0	0.384012764	0.296864496	0.31912274
1	1	0.322917519	0.345294243	0.331788239
0	0	0.369836111	0.317208715	0.312955174
0	0	0.387288481	0.3014698	0.31124172
0	0	0.35750748	0.320651955	0.321840565
1	1	0.3248879	0.343428933	0.331683168
0	0	0.352198901	0.31954435	0.328256749
1	1	0.316847362	0.348424007	0.334728632
1	1	0.316132319	0.355228362	0.328639319
1	2	0.333781574	0.323884447	0.342333979
0	0	0.337117319	0.333529393	0.329353288
0	0	0.36530905	0.321772157	0.312918793
0	0	0.345621679	0.33024829	0.324130031
1	1	0.3173572	0.346065462	0.336577338
0	1	0.328776186	0.347504368	0.323719446
1	1	0.321855026	0.350444103	0.327700871
0	0	0.365876659	0.316998258	0.317125083
0	2	0.33627142	0.323635742	0.340092837
0	0	0.343332874	0.32304785	0.333619277
1	1	0.309291929	0.349843385	0.340864686
1	1	0.327078607	0.339101859	0.333819534
0	1	0.325531015	0.358116281	0.316352704
0	1	0.331249747	0.341713482	0.327036771
1	1	0.325832876	0.363138608	0.311028516
0	1	0.329524145	0.342595218	0.327880637
1	1	0.324504555	0.349918256	0.325577189
0	0	0.35051015	0.325020958	0.324468892
0	0	0.376935801	0.315410474	0.307653725
0	0	0.372380684	0.303692804	0.323926512
1	0	0.347692942	0.339583457	0.312723602
0	0	0.343011818	0.338920275	0.318067907
0	0	0.355346847	0.327338351	0.317314802
1	1	0.342873662	0.352750866	0.304375472
1	1	0.32318784	0.344513646	0.332298514
1	1	0.318664655	0.354015009	0.327320336
0	0	0.338003372	0.329723977	0.332272651
0	1	0.321958229	0.351609721	0.326432051
0	1	0.337932238	0.34010194	0.321965822
0	0	0.337097794	0.330191595	0.332710611
0	0	0.339424318	0.32857036	0.332005322
1	1	0.328375157	0.342460639	0.329164204
1	1	0.313972688	0.365295275	0.320732037
1	1	0.324928179	0.348906567	0.326165255
1	1	0.333711889	0.349770775	0.316517336
1	1	0.305933479	0.357475808	0.336590713
1	1	0.307492063	0.363016859	0.329491078
0	0	0.339990275	0.322053285	0.337956441
0	2	0.333485547	0.322563342	0.343951111
0	0	0.359251986	0.333693883	0.307054131
1	1	0.332234867	0.354157649	0.313607483
1	1	0.333087828	0.354286605	0.312625567
1	1	0.320035754	0.350840857	0.329123389
1	1	0.30884922	0.361460655	0.329690125
0	0	0.347757648	0.319387731	0.332854621
1	1	0.323023853	0.356782434	0.320193714
1	1	0.302026793	0.361736387	0.33623682
1	1	0.285241981	0.376997244	0.337760775
0	0	0.342452082	0.325880823	0.331667095
1	1	0.328009018	0.34194199	0.330048992
0	2	0.334701688	0.327975743	0.337322569
0	0	0.361233112	0.321347628	0.317419261
1	1	0.307837007	0.364406661	0.327756333
1	1	0.308916002	0.3588733	0.332210698
1	1	0.30582918	0.350347917	0.343822903
0	2	0.334041709	0.327951543	0.338006749
0	0	0.361432298	0.320369412	0.31819829
1	0	0.339129957	0.328022889	0.332847154
0	0	0.337712462	0.329835758	0.33245178
1	1	0.329955436	0.340616634	0.32942793
0	0	0.348415222	0.32398426	0.327600518
0	1	0.3274806	0.337318915	0.335200485
1	1	0.280393936	0.368778255	0.350827809
1	1	0.320632334	0.345950289	0.333417377
0	0	0.338173939	0.33547934	0.32634672
1	1	0.328893631	0.338774396	0.332331973
0	1	0.323944207	0.348790446	0.327265347
1	2	0.321965036	0.328206491	0.349828473
0	0	0.341178421	0.329443731	0.329377849
0	1	0.319445457	0.350754499	0.329800044
0	0	0.336207748	0.328826174	0.334966078
1	2	0.323980402	0.334917096	0.341102502
1	1	0.322899907	0.344964802	0.332135291
0	0	0.345770799	0.329829589	0.324399612
0	0	0.359034467	0.31391379	0.327051743
0	2	0.331997344	0.331997344	0.336005312
1	1	0.321790886	0.344055132	0.334153982
0	1	0.335485404	0.337639396	0.326875201
0	0	0.345642987	0.330433825	0.323923188
0	0	0.346842482	0.32687268	0.326284838
0	0	0.374393709	0.316400223	0.309206068
0	2	0.327964396	0.329147196	0.342888408
0	0	0.357653274	0.326086932	0.316259794
0	0	0.372501509	0.320070437	0.307428054
0	1	0.334840055	0.335041019	0.330118926
1	0	0.34250218	0.326875061	0.330622758
0	1	0.332888877	0.333955828	0.333155295
0	0	0.344841839	0.315382401	0.339775761
0	1	0.308082704	0.35289419	0.339023107
0	0	0.358196566	0.314436423	0.327367012
1	1	0.326028592	0.352089387	0.321882021
0	0	0.355767244	0.310187424	0.334045332
0	2	0.3344175	0.330428472	0.335154028
1	1	0.322354193	0.341296267	0.33634954
0	0	0.357434503	0.328012638	0.31455286
0	1	0.321299894	0.34298096	0.335719146
0	0	0.383931449	0.311022114	0.305046437
0	1	0.33083888	0.34030133	0.32885979
0	0	0.34372818	0.321967681	0.334304138
0	2	0.331019687	0.32910533	0.339874983
1	1	0.323577215	0.344687349	0.331735436
0	0	0.345052704	0.318683093	0.336264203
0	2	0.340171747	0.318190617	0.341637635
1	1	0.31058766	0.35640445	0.333007889
1	1	0.334727219	0.355816778	0.309456003
1	1	0.328853313	0.339784568	0.331362119
1	1	0.315944295	0.352012228	0.332043477
1	1	0.334755487	0.346783399	0.318461114
1	2	0.333121742	0.332722236	0.334156022
0	0	0.346462903	0.335115669	0.318421428
1	1	0.306760021	0.361826839	0.331413139
0	0	0.348092633	0.334410283	0.317497083
0	2	0.32336277	0.334512691	0.342124539
0	0	0.336688839	0.32877025	0.334540911
0	0	0.344043656	0.325501984	0.33045436
0	0	0.342940417	0.326410804	0.330648779
1	1	0.324568218	0.339168061	0.336263722
0	0	0.345368822	0.337786114	0.316845064
0	1	0.312795433	0.351057283	0.336147284
1	1	0.336402148	0.34440122	0.319196632
1	1	0.323737393	0.338739939	0.337522668
0	1	0.317678636	0.344998578	0.337322786
1	1	0.314104752	0.343479192	0.342416056
0	2	0.31072834	0.338295246	0.350976414
0	0	0.365632645	0.317802185	0.31656517
1	2	0.313696299	0.335500524	0.350803177
0	0	0.349579858	0.34002938	0.310390762
1	0	0.356462993	0.332929391	0.310607615
1	2	0.315254589	0.330326161	0.35441925
1	1	0.300423284	0.363650203	0.335926513
1	1	0.304000686	0.355323968	0.340675346
0	0	0.348486253	0.326489825	0.325023922
0	0	0.337688744	0.334897527	0.327413729
1	1	0.33634451	0.338944359	0.324711131
1	0	0.352078297	0.331475395	0.316446308
1	1	0.313636627	0.351227822	0.335135551
1	1	0.331919794	0.336027618	0.332052588
0	0	0.361923241	0.316597784	0.321478976
1	1	0.318976543	0.348597362	0.332426095
1	1	0.315426252	0.357389028	0.32718472
1	1	0.311560077	0.351739971	0.336699952
1	1	0.307309545	0.363164366	0.329526089
1	1	0.330856637	0.350718939	0.318424424
0	0	0.384200439	0.304528413	0.311271148
1	1	0.326110807	0.348429956	0.325459237
1	1	0.312995728	0.357269193	0.329735079
1	1	0.31489329	0.360298847	0.324807863
1	1	0.328560004	0.358747745	0.312692251
0	1	0.336158223	0.337944591	0.325897186
1	1	0.31519025	0.37024925	0.3145605
1	1	0.308849892	0.362873893	0.328276215
1	1	0.320726233	0.349110295	0.330163472
1	1	0.323635199	0.342138954	0.334225847
0	0	0.349757893	0.316442383	0.333799723
1	1	0.325786531	0.340713639	0.33349983
1	1	0.332455445	0.341280887	0.326263668
0	0	0.370936706	0.313729593	0.315333701
1	1	0.314307177	0.352683403	0.33300942
0	0	0.337851521	0.328260176	0.333888303
1	1	0.315125749	0.349558791	0.33531546
0	1	0.332155789	0.334823693	0.333020518
1	1	0.335052873	0.336463055	0.328484072
1	1	0.335137363	0.340474586	0.324388051
1	1	0.325602843	0.342913547	0.33148361
0	2	0.325582996	0.334426595	0.339990409
0	2	0.329989649	0.318034951	0.3519754
1	1	0.316121238	0.35728215	0.326596612
0	2	0.326125441	0.330822539	0.34305202
0	0	0.394685664	0.30123469	0.304079646
1	1	0.31533563	0.350632114	0.334032256
1	0	0.344819936	0.336138191	0.319041873
0	0	0.337590196	0.332198514	0.33021129
1	2	0.325146632	0.333377758	0.34147561
1	1	0.315718633	0.358328949	0.325952418
1	1	0.316940296	0.346857286	0.336202419
0	0	0.348259812	0.325951562	0.325788627
1	1	0.328814242	0.336733891	0.334451868
1	0	0.339169771	0.333686117	0.327144112
1	1	0.334025228	0.353158344	0.312816427
1	1	0.309360374	0.357418318	0.333221307
0	2	0.330697772	0.329180056	0.340122172
0	1	0.338035929	0.341569847	0.320394224
0	0	0.334088105	0.331857197	0.334054698
0	1	0.326481988	0.339873938	0.333644074
0	0	0.352580616	0.318741138	0.328678245
1	0	0.337869216	0.332306882	0.329823903
1	1	0.319443424	0.349701587	0.330854989
0	2	0.336160613	0.326095101	0.337744286
1	1	0.321272186	0.345878894	0.332848921
1	1	0.326491614	0.340087951	0.333420436
0	0	0.346518642	0.318345292	0.335136066
0	0	0.351159278	0.324615013	0.324225709
0	0	0.343857689	0.327316593	0.328825718
2	1	0.311414118	0.350627216	0.337958666
1	0	0.353728399	0.334263427	0.312008174
2	1	0.323663977	0.341076185	0.335259838
1	1	0.308171308	0.354871525	0.336957167
0	0	0.337923457	0.332825861	0.329250682
2	0	0.344128548	0.313630416	0.342241036
0	0	0.351596414	0.34270978	0.305693806
2	1	0.313798268	0.345485378	0.340716353
0	0	0.338682949	0.328476211	0.33284084
0	1	0.318059062	0.345999419	0.335941519
0	0	0.36842822	0.307214409	0.324357371
0	1	0.3291175	0.338124723	0.332757777
0	0	0.351954821	0.315324673	0.332720506
1	1	0.297309475	0.365356504	0.337334021
0	0	0.337038453	0.329243312	0.333718235
0	0	0.343318629	0.33137775	0.325303621
2	2	0.322743475	0.335411391	0.341845134
1	0	0.360375042	0.348676749	0.290948208
1	1	0.315302059	0.34575523	0.338942711
2	1	0.322360196	0.355053876	0.322585927
1	1	0.313396434	0.356512375	0.330091191
1	1	0.325044396	0.346250248	0.328705356
1	2	0.312071344	0.342760458	0.345168198
1	1	0.325311271	0.339570805	0.335117924
2	2	0.328737978	0.33507722	0.336184802
0	2	0.334760441	0.329842469	0.33539709
0	0	0.340883118	0.331305084	0.327811798
0	1	0.336497551	0.340457694	0.323044754
1	1	0.313511449	0.351017429	0.335471122
1	1	0.315258346	0.349251554	0.3354901
0	0	0.356766203	0.32681056	0.316423237
1	1	0.305933138	0.362189145	0.331877716
1	2	0.308061457	0.345571407	0.346367136
1	1	0.323838222	0.349199739	0.326962039
0	0	0.369087432	0.312759198	0.318153369
1	1	0.299996171	0.365793772	0.334210057
0	0	0.352722131	0.329204975	0.318072894
1	1	0.326415438	0.346842546	0.326742016
2	1	0.300923109	0.354693764	0.344383127
1	1	0.318059079	0.353342255	0.328598667
1	1	0.322320688	0.341465611	0.336213701
0	0	0.372339223	0.325546506	0.302114271
0	0	0.359654723	0.331406085	0.308939192
0	2	0.327044045	0.333550693	0.339405262
1	1	0.316444719	0.351583966	0.331971314
2	2	0.312424036	0.341983112	0.345592852
0	0	0.34603808	0.332702543	0.321259377
2	2	0.29685132	0.346863526	0.356285154
1	1	0.325837932	0.342372771	0.331789296
1	1	0.314102636	0.354433167	0.331464197
0	1	0.325382824	0.350760063	0.323857113
1	1	0.321354359	0.347736301	0.330909339
0	0	0.355017013	0.320975794	0.324007192
1	1	0.327614773	0.345032441	0.327352786
0	2	0.33226366	0.331898371	0.335837969
1	1	0.310419631	0.352667269	0.336913099
0	1	0.335507647	0.338574701	0.325917652
0	0	0.351298364	0.338774909	0.309926726
0	0	0.359482616	0.318609374	0.32190801
1	1	0.323641852	0.352424886	0.323933261
2	1	0.306932464	0.347313468	0.345754068
1	1	0.312738896	0.355515427	0.331745677
2	0	0.349246982	0.326255024	0.324497995
0	0	0.350803234	0.317896379	0.331300387
2	1	0.32768876	0.339836377	0.332474863
0	1	0.331442244	0.34047904	0.328078716
1	1	0.315659157	0.346909179	0.337431664
1	1	0.319535972	0.360672324	0.319791703
1	1	0.321299315	0.34708619	0.331614495
0	2	0.331314077	0.330982928	0.337702995
2	0	0.346747324	0.328716718	0.324535958
0	0	0.337301106	0.328118892	0.334580002
0	2	0.319160229	0.337509366	0.343330405
1	1	0.331058325	0.337982652	0.330959023
0	1	0.333621147	0.334255629	0.332123224
0	0	0.339685021	0.326823012	0.333491967
1	2	0.322843147	0.335582086	0.341574767
1	1	0.319371012	0.344244952	0.336384037
2	1	0.332067713	0.334366903	0.333565385
2	0	0.355178551	0.319009417	0.325812031
0	1	0.329220752	0.350488713	0.320290535
1	1	0.311219823	0.363398304	0.325381874
1	1	0.326356754	0.349530603	0.324112643
1	2	0.327183314	0.33533184	0.337484846
0	1	0.32247309	0.341490442	0.336036468
0	1	0.32238108	0.342316013	0.335302907
1	2	0.323332303	0.337572599	0.339095099
2	0	0.337535064	0.330752181	0.331712755
2	2	0.31433629	0.336387375	0.349276335
0	2	0.335101885	0.329058195	0.33583992
1	0	0.355642608	0.32908837	0.315269023
1	1	0.333719724	0.338120212	0.328160064
0	0	0.35435325	0.319256322	0.326390428
0	2	0.315546095	0.336939967	0.347513938
2	2	0.312760183	0.313919539	0.373320279
0	0	0.342322034	0.335677848	0.322000118
1	1	0.316223049	0.350075139	0.333701812
2	0	0.342486728	0.33150169	0.326011582
1	1	0.329560625	0.34150432	0.328935055
0	2	0.334885678	0.324112025	0.341002297
1	1	0.321432112	0.346085676	0.332482212
1	1	0.325562431	0.338104238	0.336333331
0	0	0.343447666	0.330377106	0.326175228
2	2	0.306831404	0.340051958	0.353116639
2	2	0.324457975	0.330813913	0.344728111
1	1	0.323834007	0.347766425	0.328399568
2	1	0.327270272	0.337878496	0.334851232
2	2	0.319898926	0.330565588	0.349535486
0	0	0.36025206	0.31769886	0.322049079
2	1	0.326951354	0.337954543	0.335094103
0	2	0.326797518	0.335238014	0.337964469
2	2	0.326213968	0.326116118	0.347669915
0	0	0.336125442	0.328252927	0.335621632
0	0	0.361201316	0.315997868	0.322800816
0	1	0.339957874	0.345026667	0.315015458
0	0	0.358645253	0.320068087	0.32128666
0	0	0.341943836	0.333601278	0.324454886
1	0	0.347383455	0.318820812	0.333795733
2	1	0.318040127	0.344253243	0.33770663
1	1	0.322621616	0.349946459	0.327431925
1	1	0.322015893	0.346194551	0.331789556
1	1	0.33271084	0.337064317	0.330224843
0	0	0.348780087	0.324258683	0.32696123
0	0	0.362685353	0.322704054	0.314610593
2	1	0.315960754	0.342173532	0.341865714
1	1	0.320899044	0.350768537	0.328332419
0	0	0.339729319	0.329260484	0.331010197
2	1	0.312958242	0.347814666	0.339227092
1	1	0.314482865	0.355999594	0.329517542
0	2	0.321734155	0.337182929	0.341082915
1	1	0.307501265	0.348932747	0.343565989
0	0	0.340125396	0.33282418	0.327050424
0	1	0.338977714	0.341529605	0.319492681
0	0	0.344794163	0.328602104	0.326603733
2	2	0.321681376	0.337768767	0.340549858
0	1	0.320603415	0.344572629	0.334823957
1	1	0.318179854	0.352734907	0.329085239
0	0	0.360085034	0.325460209	0.314454757
1	2	0.320706265	0.336980694	0.342313041
1	1	0.322275648	0.345401404	0.332322948
2	0	0.336808911	0.331363427	0.331827661
1	1	0.311981156	0.348257723	0.339761122
1	1	0.329819072	0.33628003	0.333900898
0	0	0.360862275	0.329935234	0.309202491
2	2	0.315233682	0.340431596	0.344334722
1	1	0.325900932	0.34148148	0.332617588
1	0	0.335073535	0.329919939	0.335006527
0	2	0.330967594	0.332693108	0.336339298
2	1	0.320081602	0.345839906	0.334078491
1	0	0.341529884	0.321351386	0.33711873
0	0	0.356564994	0.326430327	0.317004679
1	1	0.330427401	0.33589109	0.333681509
1	1	0.313678669	0.351274902	0.335046429
0	1	0.319425353	0.351223793	0.329350854
1	1	0.323714216	0.346527117	0.329758667
2	1	0.321857727	0.339342393	0.33879988
1	1	0.303619969	0.355518333	0.340861698
1	1	0.29530683	0.362315332	0.342377838
2	1	0.325713857	0.348702546	0.325583597
1	2	0.320574538	0.336156317	0.343269145
2	1	0.319696396	0.344182412	0.336121192
0	0	0.336892453	0.327459292	0.335648254
0	0	0.357405193	0.315787693	0.326807114
1	1	0.315747869	0.348711179	0.335540952
1	1	0.32098912	0.357346975	0.321663905
0	1	0.335024269	0.341894761	0.32308097
2	1	0.302348949	0.380118031	0.31753302
2	1	0.315669005	0.34243923	0.341891765
2	0	0.346517303	0.321350605	0.332132091
1	1	0.318392126	0.36020875	0.321399123
1	1	0.31725181	0.359637224	0.323110966
0	0	0.339825869	0.327842508	0.332331623
1	1	0.320088856	0.347025628	0.332885515
1	1	0.334077744	0.336357214	0.329565042
2	2	0.320433923	0.337098808	0.342467269
2	1	0.327184085	0.337013491	0.335802424
0	0	0.357195521	0.314814416	0.327990062
0	0	0.341789893	0.331688475	0.326521632
1	1	0.328683984	0.346747468	0.324568548
2	0	0.339819804	0.329908548	0.330271647
2	0	0.34416061	0.315137307	0.340702083
2	0	0.339071621	0.324995507	0.335932873
2	2	0.321827711	0.336136169	0.342036119
2	1	0.290370691	0.361679461	0.347949847
1	1	0.317648671	0.346037089	0.336314241
0	2	0.334585437	0.328748252	0.336666311
1	1	0.321283298	0.345856269	0.332860433
0	0	0.363533415	0.319888091	0.316578494
0	1	0.326418744	0.342229324	0.331351932
1	1	0.310640287	0.35536151	0.333998202
0	1	0.33083888	0.34030133	0.32885979
0	2	0.328604796	0.334640158	0.336755046
1	0	0.349296874	0.338634787	0.31206834
2	2	0.306270491	0.341575477	0.352154032
0	0	0.34808741	0.324522096	0.327390493
1	1	0.326247281	0.338409136	0.335343582
2	1	0.315620272	0.344653588	0.339726139
1	1	0.294819693	0.369061745	0.336118562
1	1	0.329356402	0.335539758	0.33510384
0	0	0.34197684	0.319144193	0.338878967
0	0	0.352314492	0.319649225	0.328036283
0	0	0.36952405	0.316782629	0.313693321
0	2	0.324533101	0.330658969	0.34480793
2	2	0.314428049	0.339323955	0.346247996
2	0	0.358122677	0.324853919	0.317023404
0	0	0.356078895	0.328012698	0.315908407
0	2	0.322063304	0.337561637	0.340375059
1	1	0.331939914	0.346316803	0.321743283
1	2	0.32968914	0.327749701	0.34256116
2	1	0.311470705	0.356240223	0.332289072
1	1	0.312040224	0.356855916	0.33110386
1	1	0.331352455	0.342195642	0.326451903
1	1	0.306432713	0.347615922	0.345951364
1	1	0.325742508	0.348384661	0.325872831
1	1	0.332862078	0.33755492	0.329583002
1	0	0.354015073	0.332566384	0.313418542
0	1	0.3278726	0.341389864	0.330737536
1	1	0.309827116	0.351642295	0.338530588
1	1	0.330882981	0.341198624	0.327918395
1	1	0.327334482	0.35687391	0.315791608
1	1	0.313802798	0.349102214	0.337094989
1	2	0.309566394	0.345113238	0.345320368
1	0	0.335268321	0.333429407	0.331302273
0	0	0.355004938	0.320804435	0.324190627
2	1	0.328329586	0.336607627	0.335062787
0	1	0.31855865	0.349815756	0.331625594
0	0	0.347080357	0.326802604	0.326117039
1	1	0.30744874	0.35577851	0.336772751
0	0	0.352774066	0.314230821	0.332995113
0	0	0.359311743	0.321401261	0.319286997
1	0	0.342840134	0.340108355	0.317051511
2	2	0.315550489	0.338836841	0.34561267
1	1	0.332607167	0.335781992	0.331610841
2	1	0.337964306	0.338878043	0.323157651
1	1	0.319096885	0.349811616	0.331091499
1	0	0.353728399	0.334263427	0.312008174
1	1	0.33312626	0.343786759	0.323086981
0	0	0.337351767	0.326172442	0.336475791
2	1	0.310310336	0.350223975	0.339465689
2	2	0.328281869	0.331912903	0.339805228
0	1	0.335950003	0.337735265	0.326314731
1	2	0.312718222	0.340393579	0.346888199
2	1	0.313100723	0.347381965	0.339517312
0	0	0.368339038	0.316430558	0.315230404
2	0	0.366837449	0.301333864	0.331828687
2	2	0.321982793	0.336499986	0.341517221
1	1	0.317611296	0.350523691	0.331865012
1	1	0.321677617	0.352076984	0.326245399
2	2	0.312019005	0.333673877	0.354307117
1	1	0.329530262	0.342156485	0.328313253
2	2	0.317687374	0.334811537	0.347501089
1	1	0.315279626	0.364803899	0.319916475
1	1	0.311140836	0.352780362	0.336078801
0	0	0.337867825	0.336048256	0.326083919
2	1	0.312253294	0.352416847	0.335329858
0	2	0.337274588	0.31839648	0.344328932
2	0	0.339399591	0.33257924	0.328021169
1	2	0.327514447	0.335704788	0.336780764
1	2	0.332145444	0.333676833	0.334177723
1	1	0.308736588	0.357948259	0.333315153
2	2	0.317199658	0.335033796	0.347766546
1	1	0.292457091	0.36945094	0.338091969
1	1	0.310739608	0.360162489	0.329097904
1	1	0.327027481	0.345552369	0.32742015
0	0	0.357421856	0.323538059	0.319040085
1	1	0.330343366	0.340335746	0.329320888
1	1	0.311705853	0.362404127	0.32589002
0	0	0.375210501	0.317439486	0.307350013
1	1	0.316266079	0.347541431	0.33619249
0	0	0.341256052	0.328367393	0.330376555
0	0	0.349766846	0.330090473	0.320142682
1	1	0.329388474	0.343586131	0.327025394
1	0	0.336657595	0.329200298	0.334142107
0	0	0.364018957	0.325318905	0.310662138
2	0	0.341339739	0.32667908	0.331981181
2	0	0.347353576	0.323223235	0.329423189
2	2	0.333557927	0.323343927	0.343098146
0	1	0.32593125	0.348691113	0.325377637
1	1	0.329937583	0.341211833	0.328850584
2	1	0.296805512	0.353109103	0.350085385
2	1	0.321340692	0.341484369	0.33717494
1	1	0.311404086	0.355879212	0.332716702
1	1	0.317852689	0.350229283	0.331918028
0	2	0.317969956	0.328539442	0.353490602
1	1	0.311243884	0.367005487	0.321750628
0	0	0.363963459	0.310832281	0.32520426
2	1	0.329827268	0.337163875	0.333008857
1	1	0.31489897	0.346523923	0.338577107
2	1	0.315941203	0.35095434	0.333104458
0	0	0.345968759	0.325593112	0.32843813
0	0	0.336205323	0.332793459	0.331001218
1	0	0.347436347	0.32881046	0.323753193
1	1	0.315942147	0.354695303	0.32936255
2	2	0.30540326	0.346760058	0.347836682
2	2	0.327655905	0.329298287	0.343045808
1	1	0.286419627	0.378705161	0.334875212
2	1	0.323471654	0.340158433	0.336369913
1	2	0.320954414	0.332054496	0.34699109
0	0	0.335029801	0.330107872	0.334862328
2	2	0.331808928	0.332107691	0.336083381
2	0	0.345291337	0.328352759	0.326355904
0	1	0.328616232	0.336531112	0.334852656
1	1	0.305090402	0.359749564	0.335160034
1	1	0.299567947	0.360229475	0.340202578
0	1	0.321353072	0.364286422	0.314360505
1	1	0.325757818	0.345210444	0.329031738
2	1	0.323838355	0.341123468	0.335038177
1	1	0.316227488	0.343834987	0.339937526
0	0	0.347669917	0.32618135	0.326148733
2	2	0.317978115	0.332913455	0.34910843
1	1	0.333742551	0.339940258	0.326317192
1	1	0.303550579	0.356006237	0.340443184
2	1	0.313902505	0.34973735	0.336360145
1	1	0.312272821	0.349141481	0.338585698
1	1	0.336680586	0.34132485	0.321994564
2	0	0.346830391	0.325686699	0.327482911
1	1	0.329730978	0.341032269	0.329236752
0	1	0.321679991	0.35586706	0.32245295
1	1	0.309731149	0.364820211	0.32544864
1	1	0.297110709	0.369335272	0.333554019
2	1	0.335901967	0.337045977	0.327052056
2	1	0.338811522	0.343794457	0.317394021
1	1	0.300509375	0.359954974	0.339535651
1	1	0.315961959	0.346721486	0.337316555
0	0	0.358968677	0.314170281	0.326861042
1	1	0.321008181	0.347014515	0.331977305
2	2	0.322827276	0.336944231	0.340228493
1	1	0.319534569	0.351660234	0.328805196
2	2	0.310768191	0.341807347	0.347424462
0	0	0.342822191	0.3376923	0.319485509
1	1	0.320308825	0.34584324	0.333847936
1	2	0.320505047	0.336197244	0.343297708
0	0	0.348219813	0.321865555	0.329914631
2	2	0.329803058	0.330893206	0.339303736
1	2	0.30678379	0.346001542	0.347214669
2	1	0.322459999	0.341886597	0.335653405
1	1	0.320490527	0.348365675	0.331143799
0	0	0.368668578	0.318333023	0.312998399
0	2	0.327161301	0.335342811	0.337495888
1	0	0.349199517	0.330280879	0.320519604
0	0	0.347380922	0.324025409	0.328593668
1	1	0.319032444	0.352514869	0.328452688
0	1	0.33443515	0.337391167	0.328173683
0	0	0.340546848	0.333369906	0.326083245
1	2	0.330857126	0.332814953	0.336327921
1	0	0.335345059	0.333872782	0.330782159
1	1	0.319517695	0.34772525	0.332757054
0	0	0.347556321	0.32578144	0.326662239
1	1	0.30873246	0.359917586	0.331349953
2	1	0.308804826	0.351886769	0.339308406
1	1	0.313644864	0.352081027	0.334274108
1	0	0.335662297	0.329279056	0.335058648
1	1	0.316532979	0.355429684	0.328037337
2	1	0.314006332	0.349992999	0.336000669
1	1	0.315273975	0.35401597	0.330710055
1	1	0.324762824	0.342885011	0.332352165
0	0	0.341197069	0.334440915	0.324362016
1	0	0.355313011	0.351004527	0.293682462
2	0	0.338646794	0.333371558	0.327981649
2	1	0.319374615	0.340482849	0.340142536
0	0	0.360025781	0.328512748	0.311461471
2	1	0.310338632	0.351624577	0.338036791
1	1	0.312404476	0.356701304	0.33089422
1	1	0.294258275	0.377004781	0.328736944
1	1	0.322128986	0.340274295	0.337596719
0	0	0.352892904	0.323521193	0.323585903
0	0	0.341817567	0.33039112	0.327791313
1	2	0.328601301	0.333534119	0.33786458
0	0	0.362628151	0.321076024	0.316295825
1	1	0.310709628	0.350744769	0.338545603
0	2	0.329480129	0.328723195	0.341796676
1	1	0.319046987	0.349582081	0.331370932
2	0	0.339067548	0.331523714	0.329408738
1	0	0.346095912	0.336169648	0.31773444
0	1	0.324835611	0.342105525	0.333058864
1	0	0.342750312	0.330399401	0.326850287
0	0	0.346847615	0.32900914	0.324143245
2	0	0.345363742	0.335123187	0.319513072
0	2	0.328754695	0.330303479	0.340941826
1	1	0.314259206	0.351046306	0.334694488
1	2	0.307745955	0.343392676	0.348861369
0	0	0.34379692	0.332038569	0.32416451
1	1	0.317039988	0.349998165	0.332961847
1	1	0.309328115	0.356417421	0.334254465
1	1	0.325260847	0.342176767	0.332562385
1	2	0.327745768	0.33560612	0.336648113
1	1	0.3193471	0.349666065	0.330986835
1	1	0.311243884	0.367005487	0.321750628
0	0	0.351388845	0.321305836	0.327305319
1	0	0.363377506	0.32106457	0.315557923
0	1	0.326147976	0.343865706	0.329986318
0	0	0.344965853	0.336717882	0.318316265
1	1	0.337960124	0.3544006	0.307639275
1	1	0.294836447	0.370969847	0.334193706
1	2	0.326402999	0.333363275	0.340233726
