0	0	0.987637661	0.000847738	0.011514601
0	0	0.963082361	0.002996482	0.033921157
0	0	0.995054321	0.000223845	0.004721834
0	0	0.99760255	0.000270998	0.002126452
0	0	0.994785308	0.00163661	0.003578082
0	0	0.948635197	0.015697859	0.035666944
0	0	0.994387467	0.000275196	0.005337338
0	0	0.99312153	0.000724157	0.006154312
0	0	0.988290631	0.000580118	0.01112925
0	0	0.98723319	0.00038775	0.012379059
0	0	0.996884803	8.55833E-05	0.003029614
0	0	0.996039372	0.00073029	0.003230338
0	0	0.946839176	0.003220476	0.049940348
0	0	0.993013331	0.000266294	0.006720376
0	0	0.922878032	0.002465506	0.074656462
0	0	0.716493809	0.08501006	0.198496131
0	0	0.958684773	0.001411796	0.039903431
0	0	0.963981639	0.012453133	0.023565228
0	0	0.618639495	0.003047199	0.378313306
0	0	0.882863599	0.005920795	0.111215606
0	0	0.844126431	0.004371046	0.151502524
0	0	0.982580396	0.000443917	0.016975687
0	0	0.913681128	0.000796189	0.085522683
0	0	0.905682594	0.002031733	0.092285673
0	0	0.98189517	0.000870824	0.017234006
0	0	0.994373306	0.000195208	0.005431486
0	0	0.966758851	0.001393961	0.031847188
0	0	0.978328302	0.001066461	0.020605238
0	0	0.990078423	0.000302155	0.009619422
0	0	0.995127724	0.000766187	0.004106089
0	0	0.956000773	0.00092354	0.043075687
0	0	0.98031322	0.000839434	0.018847346
0	0	0.998206558	4.1088E-05	0.001752354
0	2	0.063411225	0.079157608	0.857431166
0	2	0.239229027	0.002666379	0.758104594
0	0	0.977133918	0.001096281	0.021769801
0	0	0.989143043	0.000225269	0.010631688
0	0	0.974906665	0.001230034	0.023863301
0	0	0.971733907	0.001047998	0.027218095
0	0	0.905274015	0.001871121	0.092854864
0	0	0.890269527	0.013290165	0.096440309
0	0	0.952404187	0.001353765	0.046242048
0	0	0.975004264	0.006167798	0.018827938
0	0	0.936904442	0.004522122	0.058573437
0	0	0.989779563	0.001306801	0.008913636
0	0	0.996890084	0.000159221	0.002950694
0	0	0.976275683	0.001097292	0.022627025
0	0	0.99558471	0.001096069	0.003319221
0	0	0.962514144	0.00165359	0.035832266
0	0	0.976227994	0.002889826	0.02088218
0	0	0.993746243	0.000350632	0.005903125
0	0	0.96638342	0.000953001	0.032663579
0	0	0.994637454	0.000282713	0.005079833
0	0	0.99032069	0.000415376	0.009263934
0	0	0.972191317	0.000515073	0.02729361
0	0	0.934337024	0.002505121	0.063157854
0	0	0.915500754	0.021836245	0.062663002
0	0	0.968500236	0.00103567	0.030464093
0	0	0.948315774	0.002024834	0.049659392
0	0	0.870826482	0.00893917	0.120234348
0	0	0.967840818	0.001100834	0.031058348
0	0	0.982934692	0.000535873	0.016529434
0	0	0.999443328	2.30152E-05	0.000533657
0	0	0.994400985	0.000268539	0.005330476
0	0	0.843277853	0.004369709	0.152352437
0	0	0.978948987	0.000935737	0.020115276
0	0	0.89174378	0.030367679	0.077888541
0	0	0.996437337	0.000183303	0.00337936
0	0	0.992708773	0.000181688	0.007109539
0	0	0.900233278	0.001099388	0.098667334
0	0	0.988641697	0.000354599	0.011003704
0	0	0.989690726	0.0003082	0.010001074
0	0	0.834116442	0.002782008	0.16310155
0	0	0.953116818	0.001531944	0.045351238
0	0	0.968886036	0.001861992	0.029251972
0	0	0.997906269	0.000396396	0.001697335
0	0	0.983503381	0.000412682	0.016083937
0	0	0.979770734	0.007518891	0.012710375
0	0	0.99730322	0.000149682	0.002547098
0	0	0.707677407	0.026111827	0.266210766
0	0	0.685643685	0.007045986	0.30731033
0	0	0.971644911	0.001060447	0.027294642
0	0	0.98162025	0.000800759	0.017578991
0	0	0.996754985	0.000192686	0.003052329
0	0	0.882015634	0.007197328	0.110787038
0	0	0.999153522	7.41851E-05	0.000772293
0	0	0.972678996	0.001306503	0.026014501
0	0	0.994830494	0.000201729	0.004967777
0	0	0.949178843	0.000952274	0.049868884
0	0	0.99809428	0.000138076	0.001767644
0	0	0.975575195	0.001015648	0.023409156
0	0	0.934500949	0.001227786	0.064271265
0	0	0.970553427	0.001397195	0.028049378
0	0	0.997784364	0.000145867	0.002069769
0	0	0.98285036	0.009573098	0.007576542
0	0	0.991630098	0.000277302	0.008092601
0	0	0.888887319	0.001826443	0.109286238
0	0	0.945689699	0.001752449	0.052557852
0	0	0.980170239	0.001328734	0.018501027
0	0	0.973535065	0.001393382	0.025071553
0	0	0.98693871	0.000612693	0.012448597
0	0	0.865724567	0.001419304	0.132856129
0	0	0.913569953	0.005833166	0.080596881
0	0	0.949549076	0.002235103	0.048215822
0	0	0.971363198	0.001486167	0.027150635
0	0	0.947791741	0.002187665	0.050020594
0	0	0.918550684	0.000946104	0.080503212
0	0	0.96316828	0.0026624	0.034169319
0	0	0.874855409	0.003724224	0.121420366
0	2	0.148728211	0.104305131	0.746966659
0	0	0.934835676	0.002394731	0.062769593
0	0	0.767141336	0.006918307	0.225940357
0	0	0.98258105	0.001048418	0.016370531
0	0	0.964649858	0.001268284	0.034081857
0	0	0.970781509	0.001458344	0.027760147
0	0	0.990570079	0.000318027	0.009111894
0	0	0.995885437	0.000113612	0.004000952
0	0	0.952641547	0.014469438	0.032889015
0	0	0.947312505	0.00140092	0.051286576
0	1	0.237241091	0.390206812	0.372552097
0	0	0.994531186	0.000208602	0.005260213
0	0	0.951884488	0.001499518	0.046615994
0	0	0.772677253	0.00722727	0.220095476
0	0	0.989987572	0.000454295	0.009558133
0	0	0.972410875	0.000950068	0.026639056
0	0	0.970480298	0.00187066	0.027649043
0	0	0.973191135	0.001329204	0.02547966
0	0	0.973846577	0.001315943	0.024837479
0	0	0.974676472	0.001078645	0.024244883
0	0	0.998951391	5.06005E-05	0.000998008
0	0	0.980244683	0.001094943	0.018660374
0	0	0.942670779	0.002686441	0.05464278
0	0	0.987161759	0.000597939	0.012240302
0	0	0.993628877	0.000583835	0.005787288
0	0	0.992074916	0.00133149	0.006593594
0	0	0.994375581	0.001041139	0.00458328
0	0	0.931709438	0.00262852	0.065662042
0	0	0.920181144	0.003625784	0.076193072
0	0	0.954076137	0.002311377	0.043612486
0	0	0.959862353	0.014163807	0.02597384
0	0	0.854313164	0.024237423	0.121449414
0	0	0.994538421	0.000351684	0.005109894
0	1	0.002392825	0.996226635	0.00138054
0	0	0.955698682	0.002695389	0.041605929
0	0	0.960629269	0.00282777	0.03654296
0	0	0.906817495	0.002384147	0.090798359
0	0	0.99759849	0.000101413	0.002300096
0	0	0.990219142	0.000678566	0.009102292
0	0	0.992909472	0.000410385	0.006680144
0	0	0.94982331	0.002821521	0.047355169
0	0	0.871401883	0.034343174	0.094254943
0	0	0.951252735	0.001590391	0.047156874
0	0	0.957988067	0.001091263	0.04092067
0	0	0.993419338	0.001104235	0.005476427
0	0	0.993952541	0.000193668	0.005853791
0	0	0.529623091	0.006988498	0.463388412
0	0	0.931896736	0.002059209	0.066044054
0	0	0.97461108	0.001737137	0.023651783
0	0	0.998525711	5.8935E-05	0.001415354
0	0	0.961799393	0.000735655	0.037464953
0	0	0.991238571	0.0006615	0.008099929
0	0	0.987277206	0.000741449	0.011981345
0	0	0.963253504	0.001526407	0.035220089
0	0	0.976962355	0.004279123	0.018758521
0	0	0.970042693	0.005936027	0.02402128
0	0	0.979314392	0.001465582	0.019220025
0	0	0.99557253	0.001202518	0.003224952
0	0	0.98425047	0.001202593	0.014546936
0	0	0.967697468	0.000905308	0.031397225
0	0	0.978410446	0.001081262	0.020508291
0	0	0.980229456	0.000945527	0.018825017
0	0	0.606110776	0.003687921	0.390201303
0	0	0.745997848	0.049715796	0.204286356
0	0	0.963626348	0.001899715	0.034473938
0	0	0.984943729	0.001361905	0.013694366
0	0	0.96308732	0.007528863	0.029383817
0	0	0.995339027	0.000167241	0.004493731
0	0	0.983224102	0.00094067	0.015835228
0	2	0.118916285	0.027435005	0.853648709
0	0	0.98346609	0.000476295	0.016057614
0	0	0.98845721	0.000531233	0.011011557
0	1	0.00025855	0.997779513	0.001961937
0	0	0.97857514	0.001279024	0.020145835
0	0	0.849155538	0.005581973	0.145262488
0	0	0.995803506	0.000158492	0.004038002
0	0	0.92124087	0.002820803	0.075938328
0	0	0.989304454	0.001164046	0.0095315
0	0	0.963235273	0.002121658	0.03464307
0	0	0.692877165	0.013218968	0.293903867
0	0	0.917018562	0.0018129	0.081168538
0	0	0.983383802	0.000907737	0.015708461
0	0	0.966859318	0.00325878	0.029881902
0	0	0.974781313	0.002422047	0.02279664
0	0	0.981419564	0.000703702	0.017876733
0	0	0.967320237	0.001737296	0.030942468
0	0	0.757651999	0.107664959	0.134683041
0	0	0.94430003	0.002185936	0.053514034
0	0	0.972965504	0.001144707	0.025889789
0	1	0.217211754	0.602551237	0.180237009
0	0	0.984024178	0.00113843	0.014837392
0	2	0.037179519	0.479075419	0.483745062
0	0	0.614322882	0.365739253	0.019937864
0	0	0.988887966	0.000375191	0.010736842
0	0	0.991436915	0.000630688	0.007932397
0	0	0.988350724	0.000536031	0.011113245
0	0	0.957598203	0.002670934	0.039730862
0	0	0.981655055	0.000447822	0.017897123
0	1	0.000107999	0.997611571	0.00228043
0	0	0.968392659	0.000920386	0.030686955
0	0	0.870019435	0.003065821	0.126914744
0	0	0.997106108	0.000204386	0.002689505
0	0	0.935915305	0.002659199	0.061425496
0	0	0.405997929	0.258694559	0.335307512
0	0	0.86789533	0.006458332	0.125646338
0	0	0.996342793	4.25699E-05	0.003614637
0	0	0.998995729	8.09236E-05	0.000923348
0	0	0.990935165	0.000339341	0.008725494
0	0	0.960511855	0.001595148	0.037892997
0	0	0.972328206	0.003456282	0.024215512
0	0	0.861393722	0.006678889	0.131927389
0	2	0.09295304	0.062420542	0.844626418
0	0	0.971621145	0.003637752	0.024741103
0	0	0.932745967	0.001486067	0.065767966
0	0	0.956890687	0.000703343	0.04240597
0	0	0.931027165	0.002765685	0.066207149
0	0	0.957194178	0.000963586	0.041842237
0	0	0.993562246	0.000300381	0.006137372
0	0	0.98740841	0.000536539	0.012055051
0	0	0.977923363	0.000962743	0.021113894
0	0	0.971515882	0.001163064	0.027321054
0	0	0.999874896	4.20168E-06	0.000120903
0	0	0.960545256	0.000694267	0.038760477
0	0	0.789723175	0.004522579	0.205754245
0	0	0.871319702	0.005196623	0.123483675
0	0	0.99563429	0.002107031	0.002258679
0	0	0.93313261	0.003405008	0.063462382
0	0	0.988971276	0.000654074	0.01037465
0	0	0.994379643	0.000279325	0.005341033
0	0	0.750938374	0.006532068	0.242529558
0	0	0.969763133	0.001252638	0.028984229
0	0	0.994586707	0.000274454	0.00513884
0	0	0.76509401	0.078680765	0.156225225
0	0	0.984478727	0.001684742	0.013836531
0	2	0.445798333	0.003899962	0.550301705
0	0	0.940105404	0.002549232	0.057345364
0	0	0.985364277	0.00113543	0.013500293
0	2	0.388684089	0.025522666	0.585793245
0	0	0.995476897	0.000238526	0.004284577
0	0	0.9877022	0.000528655	0.011769145
0	0	0.928948385	0.004561508	0.066490108
0	0	0.86765934	0.004280626	0.128060034
0	0	0.824894575	0.013079624	0.162025801
0	0	0.897895739	0.005177664	0.096926597
0	0	0.979216073	0.000626913	0.020157014
0	0	0.993278455	0.000129188	0.006592358
0	0	0.900992849	0.002424675	0.096582476
0	0	0.9713298	0.000861023	0.027809177
0	0	0.937037064	0.009181796	0.053781139
0	0	0.775101957	0.014311946	0.210586096
0	0	0.978210834	0.000979342	0.020809825
0	0	0.831520671	0.003130699	0.165348631
0	0	0.961217985	0.00090285	0.037879165
0	0	0.996473524	0.000413054	0.003113422
0	0	0.993222303	0.000223835	0.006553862
0	0	0.995728578	0.002296014	0.001975408
0	0	0.877900882	0.00289543	0.119203688
0	0	0.942370561	0.002460584	0.055168855
0	0	0.862137983	0.00264036	0.135221656
0	0	0.915050418	0.008228298	0.076721284
0	0	0.926304714	0.003245285	0.070450001
0	0	0.976240645	0.003251476	0.020507878
0	0	0.999435389	4.20999E-05	0.000522511
0	0	0.998324931	0.000109611	0.001565459
0	0	0.977447987	0.000714155	0.021837858
0	0	0.984080642	0.000171445	0.015747913
0	0	0.97559537	0.000816399	0.023588231
0	0	0.971562901	0.0007406	0.027696499
0	0	0.996786384	0.000160275	0.003053341
0	0	0.977745354	0.000861956	0.02139269
0	0	0.984663124	0.000107905	0.015228971
0	0	0.984961036	0.000401239	0.014637725
0	0	0.909140293	0.009539103	0.081320604
0	0	0.980240887	0.000756085	0.019003028
0	0	0.979535729	0.000642543	0.019821728
0	0	0.935754581	0.001288338	0.062957081
0	0	0.986549889	0.000505056	0.012945055
0	0	0.950722389	0.002536594	0.046741018
0	0	0.949852113	0.003346805	0.046801081
0	0	0.971148033	0.000858283	0.027993684
0	2	0.105533888	0.338875275	0.555590837
0	0	0.976006874	0.000629751	0.023363375
0	0	0.988710961	0.000750889	0.01053815
0	0	0.980580727	0.000882713	0.01853656
0	0	0.997982042	2.51684E-05	0.001992789
0	0	0.99407424	0.000247687	0.005678073
0	0	0.985599478	0.000698409	0.013702113
0	0	0.973142785	0.000421107	0.026436108
0	0	0.998498061	4.25001E-05	0.001459439
0	0	0.974377585	0.000758964	0.024863451
0	0	0.949912977	0.003600132	0.046486892
0	0	0.968557442	0.009288785	0.022153772
0	0	0.838280256	0.02108691	0.140632834
0	0	0.936400181	0.002577302	0.061022517
0	0	0.948580021	0.001999438	0.049420541
0	0	0.97251461	0.000986971	0.02649842
0	0	0.979136588	0.001492528	0.019370885
0	0	0.976771213	0.000707691	0.022521096
0	0	0.944316234	0.001711998	0.053971768
0	0	0.983021368	0.000965153	0.01601348
0	0	0.954820127	0.001019715	0.044160158
0	0	0.994960057	0.000207257	0.004832687
0	0	0.93074708	0.002933181	0.066319739
0	0	0.973771552	0.001345649	0.024882798
0	0	0.991446808	0.000365228	0.008187964
0	0	0.97881516	0.001660872	0.019523968
0	0	0.979525357	0.000846427	0.019628216
0	0	0.967972368	0.001264913	0.030762719
0	0	0.999313292	1.00114E-05	0.000676697
0	0	0.990434328	0.002271734	0.007293938
0	0	0.914122851	0.003610568	0.082266582
0	0	0.994826761	0.000165079	0.00500816
0	0	0.967043908	0.001315404	0.031640688
0	2	0.211370632	0.005644678	0.78298469
0	0	0.924860822	0.004113373	0.071025805
0	0	0.940782179	0.002826705	0.056391116
0	0	0.692303485	0.010787892	0.296908622
0	0	0.959892634	0.005094296	0.035013071
0	0	0.954932575	0.001065177	0.044002249
0	2	0.147283125	0.181590972	0.671125903
0	0	0.988631101	3.92706E-05	0.011329628
0	0	0.991818473	0.000394648	0.007786879
0	0	0.921506756	0.003070407	0.075422837
0	0	0.997728067	0.000105936	0.002165997
0	0	0.98788766	0.00031742	0.011794921
0	0	0.919466926	0.005277192	0.075255883
0	0	0.988917943	0.000219613	0.010862444
0	0	0.977009635	0.000947334	0.022043031
0	0	0.992049923	0.000317897	0.007632179
0	0	0.985440065	0.000345069	0.014214866
0	2	0.376427487	0.004250452	0.619322061
0	0	0.95922	0.000977869	0.039802131
0	0	0.982192041	0.003227432	0.014580527
0	0	0.992724811	0.00034454	0.006930649
0	0	0.986442035	0.003871742	0.009686223
0	0	0.989157663	0.000552531	0.010289806
0	0	0.990166741	0.00055315	0.00928011
0	0	0.978192431	0.001068768	0.020738801
0	0	0.983400607	0.000529997	0.016069396
0	0	0.923181081	0.004612756	0.072206163
0	0	0.983808208	0.001177073	0.015014719
0	0	0.989119694	0.001678357	0.009201949
0	0	0.982244295	0.000873838	0.016881866
0	0	0.978825286	0.001100157	0.020074556
0	0	0.987805708	0.000309185	0.011885106
0	0	0.71870574	0.003063175	0.278231085
0	1	0.001009735	0.997934793	0.001055472
0	0	0.902828097	0.00242282	0.094749083
0	0	0.972876702	0.001595772	0.025527527
0	0	0.997301241	4.85119E-05	0.002650247
0	0	0.988234828	0.00040833	0.011356842
0	0	0.949849904	0.001919	0.048231097
0	2	0.275154777	0.003344221	0.721501002
0	0	0.958645314	0.000878202	0.040476484
0	2	0.247794468	0.011798821	0.740406711
0	0	0.994454007	0.000784345	0.004761648
0	0	0.969326038	0.000613792	0.03006017
0	2	0.057328663	0.001523028	0.941148308
0	2	0.300166987	0.002935092	0.69689792
0	0	0.982480038	0.000666097	0.016853865
0	0	0.636753827	0.003649474	0.359596699
0	0	0.874638702	0.013862826	0.111498472
0	0	0.919477772	0.000507888	0.08001434
0	0	0.997550824	0.000181846	0.00226733
0	0	0.981646785	0.000533035	0.017820181
0	0	0.951000471	0.001542978	0.04745655
0	0	0.987550106	0.002426445	0.010023449
0	0	0.797979668	0.009368782	0.19265155
0	1	0.116618796	0.752431874	0.130949331
0	2	0.037851674	0.002108075	0.960040251
0	0	0.965143311	0.000318121	0.034538568
0	0	0.945402666	0.001288026	0.053309307
0	0	0.993343861	0.000288194	0.006367945
0	0	0.961563457	0.001059355	0.037377188
0	0	0.970808656	0.001302427	0.027888918
0	0	0.904817523	0.001806576	0.093375901
0	0	0.980405275	0.00048942	0.019105305
0	0	0.989240479	0.000624089	0.010135433
0	0	0.947614525	0.000995259	0.051390216
0	2	0.335495717	0.00452451	0.659979774
0	0	0.868309615	0.002065037	0.129625348
0	0	0.948694737	0.000647774	0.050657489
0	0	0.993549422	0.000246642	0.006203935
0	0	0.99717752	0.000132513	0.002689967
0	0	0.995627985	0.000129002	0.004243013
0	2	0.030934585	0.00102406	0.968041355
0	0	0.799880708	0.02954642	0.170572871
0	0	0.958076143	0.002560819	0.039363038
0	2	0.230624837	0.027120565	0.742254598
0	0	0.785584422	0.027037585	0.187377993
0	0	0.806711322	0.010127615	0.183161062
0	0	0.986799829	0.000900565	0.012299606
0	2	0.320343755	0.01278656	0.666869685
0	0	0.995484882	0.00020989	0.004305227
0	0	0.987165414	0.000602804	0.012231782
0	0	0.998150358	0.000287741	0.001561901
0	0	0.947497088	0.003478231	0.049024681
0	0	0.97713664	0.00069366	0.0221697
0	0	0.992507169	0.000263589	0.007229242
0	0	0.992268274	0.000271442	0.007460284
0	0	0.975569184	0.005855732	0.018575083
0	0	0.942760286	0.001415258	0.055824456
0	0	0.989210973	0.000134258	0.010654769
0	0	0.927801225	0.004327186	0.067871588
0	0	0.680165772	0.019097101	0.300737127
0	2	0.337837164	0.004584422	0.657578414
0	0	0.986303094	0.002826287	0.01087062
0	0	0.940028653	0.001037808	0.058933539
0	0	0.977778714	0.000696967	0.021524318
0	0	0.976664239	0.001045654	0.022290107
0	0	0.940904313	0.00048357	0.058612117
0	0	0.966185602	0.001029894	0.032784504
0	0	0.987499	0.000917572	0.011583428
0	0	0.894152831	0.006355221	0.099491948
0	0	0.968473746	0.000500384	0.03102587
0	0	0.979881491	0.00072901	0.019389499
0	0	0.968079936	0.000978059	0.030942005
0	0	0.983921987	0.000701417	0.015376596
0	0	0.945861264	0.001371213	0.052767523
0	0	0.993581738	0.000289968	0.006128294
0	0	0.984401401	0.001760387	0.013838212
0	0	0.998687369	3.54668E-05	0.001277164
0	0	0.989880987	0.000364943	0.009754071
0	0	0.9960505	0.000352149	0.003597352
0	0	0.985791719	0.000508976	0.013699305
0	0	0.946271891	0.000900712	0.052827397
0	0	0.99456422	0.000169603	0.005266177
0	0	0.961606522	0.000883561	0.037509917
0	0	0.959823362	0.0012161	0.038960537
0	1	0.11028485	0.650451386	0.239263765
0	0	0.940995001	0.0020912	0.056913799
0	0	0.993139763	0.000262205	0.006598032
0	0	0.957766894	0.001063329	0.041169777
0	0	0.834086828	0.004165505	0.161747667
0	0	0.985166118	0.001503973	0.013329909
0	0	0.987285441	0.000658599	0.012055961
0	0	0.985019007	0.000443065	0.014537928
0	0	0.994804816	0.000325415	0.004869769
0	0	0.889055757	0.004612915	0.106331328
0	0	0.972349621	0.000882158	0.026768222
0	0	0.996820317	0.000192083	0.0029876
0	0	0.834835557	0.026683216	0.138481227
0	0	0.995814867	0.000358209	0.003826924
0	0	0.990684452	0.0003893	0.008926247
0	0	0.970928603	0.001044829	0.028026569
0	0	0.967851333	0.001787072	0.030361595
0	0	0.995284867	0.000300481	0.004414652
0	0	0.986566323	0.000483227	0.01295045
0	0	0.795582406	0.021511215	0.182906379
0	0	0.952066148	0.001722083	0.046211769
0	0	0.942033632	0.001579236	0.056387132
0	0	0.978636936	0.000718321	0.020644743
0	0	0.931465978	0.00210994	0.066424082
0	0	0.982827592	0.000418463	0.016753944
0	0	0.93491678	0.00276477	0.062318449
0	0	0.938160822	0.001966433	0.059872745
0	2	0.368715843	0.182641694	0.448642463
0	0	0.963470435	0.001659044	0.034870521
0	0	0.910039214	0.001045179	0.088915608
0	0	0.947656185	0.003035547	0.049308267
0	2	0.275948223	0.296697545	0.427354232
0	0	0.963644459	0.0019223	0.034433241
0	0	0.981511857	0.000620453	0.017867691
0	0	0.992688678	0.00025646	0.007054863
0	0	0.897109874	0.004338716	0.09855141
0	0	0.900860266	0.001902845	0.097236889
0	0	0.981548106	0.001536383	0.016915511
0	0	0.943826968	0.004447948	0.051725084
0	0	0.992551725	0.000241806	0.007206469
0	0	0.955211305	0.001063146	0.043725549
0	0	0.99700983	8.88648E-05	0.002901305
0	0	0.984931018	0.000393597	0.014675385
0	0	0.981932779	0.000749629	0.017317592
0	0	0.950654428	0.003943823	0.045401749
0	0	0.978896283	0.002103969	0.018999748
0	0	0.978273885	0.001572379	0.020153736
0	0	0.976584829	0.001328781	0.022086391
0	2	0.364674069	0.018366053	0.616959878
0	0	0.96649084	0.001270324	0.032238836
0	0	0.935409054	0.000999184	0.063591761
0	0	0.975553195	0.00119914	0.023247665
0	2	0.446119496	0.001362044	0.55251846
0	0	0.571916263	0.088101767	0.33998197
0	0	0.943257687	0.0015712	0.055171113
0	2	0.062688051	0.007417713	0.929894236
0	0	0.986858057	0.002631953	0.01050999
0	0	0.834345357	0.005322523	0.16033212
0	1	0.083549691	0.514575123	0.401875186
0	0	0.960617787	0.001069698	0.038312515
0	0	0.97627748	0.000366685	0.023355835
0	0	0.996986937	7.50379E-05	0.002938025
0	0	0.985938132	0.000146503	0.013915365
0	1	0.205783709	0.525749919	0.268466372
0	0	0.839453057	0.112510951	0.048035992
0	0	0.87878885	0.001576244	0.119634906
0	0	0.969933014	0.001277017	0.028789969
0	0	0.975400361	0.001044406	0.023555233
0	0	0.880463082	0.003657749	0.115879169
0	0	0.971546337	0.000729927	0.027723737
0	0	0.995810381	0.000190969	0.00399865
0	2	0.189246216	0.001713347	0.809040436
0	0	0.628460027	0.00350704	0.368032933
0	0	0.996019957	0.000175989	0.003804054
0	0	0.942137787	0.006121159	0.051741053
0	0	0.799835209	0.004421176	0.195743615
0	0	0.651935831	0.012824356	0.335239814
0	0	0.991936338	0.000427013	0.007636649
0	0	0.98740777	0.000482817	0.012109413
0	0	0.946929481	0.010937799	0.04213272
0	0	0.982070262	0.00101538	0.016914358
0	0	0.990186108	0.000670852	0.00914304
0	0	0.988598198	0.000388675	0.011013128
0	0	0.984099668	0.000534794	0.015365538
0	0	0.924492386	0.001115882	0.074391733
0	0	0.993305395	0.000203465	0.00649114
0	2	0.067297868	0.002009988	0.930692145
0	0	0.947290893	0.001730493	0.050978614
0	0	0.962752495	0.001223109	0.036024396
0	0	0.932346497	0.001432046	0.066221456
0	0	0.882983902	0.002706908	0.11430919
0	0	0.827168722	0.004082905	0.168748373
0	0	0.992767169	0.000337833	0.006894998
0	2	0.296773629	0.005679537	0.697546834
0	0	0.966414868	0.001005307	0.032579824
0	0	0.961351988	0.001450547	0.037197465
0	0	0.992522363	0.000292249	0.007185388
0	0	0.957844395	0.000834006	0.041321599
0	0	0.953362533	0.001188266	0.045449201
0	2	0.199929701	0.005210448	0.794859851
0	0	0.803789505	0.007533332	0.188677163
0	0	0.956529435	0.001460402	0.042010163
0	0	0.97503241	0.000764732	0.024202858
0	0	0.765376808	0.029570235	0.205052957
0	0	0.725062756	0.011620354	0.26331689
0	0	0.981038608	0.001366444	0.017594948
0	2	0.029858478	0.000943621	0.969197901
0	0	0.979140995	0.000864137	0.019994868
0	0	0.96926474	0.002259939	0.028475321
0	0	0.954071962	0.001514733	0.044413306
0	0	0.986837793	0.000646234	0.012515973
0	0	0.91385652	0.000800894	0.085342586
0	0	0.956415815	0.002067609	0.041516576
0	0	0.986044039	0.000184464	0.013771497
0	0	0.913949726	0.001107689	0.084942586
0	0	0.961605658	0.001045405	0.037348937
0	0	0.990582069	0.000351373	0.009066558
0	0	0.954030005	0.001780146	0.04418985
0	0	0.978944692	0.0027759	0.018279407
0	0	0.975508641	0.000737167	0.023754192
0	0	0.902984276	0.001794282	0.095221441
0	2	0.12693247	0.001446078	0.871621452
0	0	0.980780501	0.001015366	0.018204134
0	0	0.969289803	0.000494437	0.03021576
0	0	0.923663222	0.001616798	0.07471998
0	0	0.859311873	0.002027152	0.138660975
0	0	0.983372393	0.00051845	0.016109157
0	0	0.959322354	0.00168679	0.038990856
0	0	0.570921088	0.002988737	0.426090174
0	0	0.895301572	0.001942082	0.102756346
0	0	0.807684367	0.005416075	0.186899558
0	0	0.984292953	0.00053699	0.015170057
0	0	0.756841316	0.002818919	0.240339765
0	0	0.976051653	0.000698106	0.023250241
0	0	0.976487168	0.001705165	0.021807667
0	0	0.986470807	0.000666466	0.012862727
0	0	0.938927639	0.001770635	0.059301726
0	0	0.941768104	0.000606748	0.057625148
0	0	0.897231123	0.002664492	0.100104385
0	0	0.940406189	0.001769349	0.057824462
0	0	0.983286858	0.000419078	0.016294064
0	0	0.96836448	0.002043387	0.029592133
0	0	0.997134351	0.000113766	0.002751883
0	0	0.845010258	0.006747343	0.148242399
0	0	0.95632989	0.00173586	0.04193425
0	2	0.037842004	0.003418219	0.958739777
0	0	0.950575411	0.001865758	0.047558831
0	0	0.958668352	0.000890605	0.040441043
0	2	0.172930594	0.002723425	0.824345981
0	0	0.985896074	0.00089159	0.013212336
0	0	0.523588659	0.002980248	0.473431093
0	0	0.995974184	0.00012798	0.003897835
0	0	0.978901284	0.000865395	0.020233321
0	0	0.95293672	0.003201273	0.043862007
0	0	0.92356664	0.009824143	0.066609217
0	0	0.843127212	0.002369118	0.15450367
0	0	0.988263488	0.000505832	0.01123068
0	2	0.140526824	0.001821205	0.857651971
0	0	0.950181873	0.002482965	0.047335162
0	0	0.826744809	0.002898218	0.170356972
0	0	0.993089017	0.000230967	0.006680015
0	0	0.944058511	0.000168586	0.055772903
0	0	0.891014867	0.005713668	0.103271466
0	0	0.984007585	0.005327774	0.01066464
0	0	0.903384991	0.001055536	0.095559473
0	0	0.907331053	0.002759108	0.089909839
0	0	0.96120049	0.00117021	0.0376293
0	0	0.960609784	0.005667614	0.033722601
0	0	0.957980514	0.002089506	0.039929981
0	0	0.995805496	0.000452011	0.003742493
0	0	0.989886164	0.000524133	0.009589703
0	0	0.863611152	0.004055697	0.132333151
0	0	0.978768282	0.000146021	0.021085697
0	0	0.992259373	0.001056841	0.006683786
0	2	0.282427988	0.020196789	0.697375224
0	0	0.950061542	0.001571023	0.048367435
0	0	0.969031263	0.001189933	0.029778804
0	0	0.939635566	0.001567359	0.058797075
0	0	0.888434356	0.001787576	0.109778068
0	0	0.986901017	0.000527013	0.01257197
0	0	0.997151118	0.00011013	0.002738752
0	0	0.89772223	0.016199181	0.086078589
0	0	0.99500744	0.00017701	0.00481555
0	0	0.981955042	0.000871836	0.017173123
0	0	0.978488802	0.001040196	0.020471002
0	0	0.912808375	0.003031101	0.084160524
0	0	0.955785013	0.000750987	0.043464
0	0	0.944073712	0.001458786	0.054467503
0	0	0.951428095	0.001321363	0.047250541
0	0	0.978357467	0.00087948	0.020763053
0	0	0.980020092	0.000406477	0.019573431
0	0	0.95779411	0.000316489	0.041889401
0	0	0.927582535	0.000775445	0.07164202
0	0	0.944404405	0.002113097	0.053482498
0	0	0.92916907	0.002395497	0.068435433
0	0	0.990499602	0.00046627	0.009034129
0	0	0.997228132	4.16556E-05	0.002730213
0	2	0.323051188	0.003096619	0.673852193
0	0	0.991940645	0.000647629	0.007411725
0	0	0.915225785	0.001904407	0.082869808
0	0	0.982668687	0.002261825	0.015069488
0	0	0.83533707	0.002640413	0.162022517
0	0	0.874451299	0.003123945	0.122424756
0	0	0.984373778	0.00082358	0.014802642
0	0	0.952596579	0.001676304	0.045727117
0	0	0.952552131	0.003255822	0.044192047
0	0	0.972694864	0.0012772	0.026027936
0	2	0.125605211	0.009382476	0.865012313
0	0	0.976746268	0.00141627	0.021837462
0	0	0.991936527	0.000353158	0.007710316
0	0	0.924579474	0.012840947	0.062579579
0	0	0.968665855	0.000846555	0.03048759
0	0	0.981401912	0.00055465	0.018043438
0	0	0.904733626	0.00299439	0.092271984
0	0	0.995637205	0.000384383	0.003978413
0	0	0.510161068	0.00407319	0.485765742
0	0	0.990376911	0.000343793	0.009279295
0	0	0.9846069	0.000612101	0.014780999
0	0	0.58816937	0.003566251	0.408264379
0	0	0.943720034	0.002632752	0.053647214
0	0	0.959519522	0.00190053	0.038579948
0	0	0.968001268	0.000613628	0.031385104
0	0	0.987053183	0.000539034	0.012407783
0	0	0.968877636	0.004457724	0.02666464
0	0	0.986157694	0.000549589	0.013292717
0	0	0.702580332	0.005680616	0.291739052
0	0	0.987463735	0.000705069	0.011831196
0	0	0.834518417	0.00448956	0.160992022
0	0	0.961640766	0.001239789	0.037119445
0	0	0.961350417	0.001172149	0.037477434
0	0	0.968947316	0.000862699	0.030189985
0	0	0.996487934	0.00010573	0.003406335
0	0	0.974868574	0.00094715	0.024184276
0	0	0.933289304	0.001721877	0.064988819
0	2	0.036736764	0.001875318	0.961387919
0	0	0.995163928	0.000162108	0.004673964
0	0	0.973120839	0.001188995	0.025690166
0	0	0.941719196	0.003916534	0.05436427
0	0	0.696920986	0.004906555	0.298172459
0	0	0.9391308	0.001310954	0.059558247
0	0	0.800108813	0.000184898	0.199706289
0	0	0.985298551	0.000717017	0.013984432
0	0	0.964586797	0.000891099	0.034522104
0	2	0.021334698	0.152053853	0.826611449
0	0	0.99402112	0.001131403	0.004847477
0	0	0.961818416	0.001398955	0.036782628
0	0	0.997785156	8.5875E-05	0.002128969
0	0	0.951671346	0.001306458	0.047022196
0	0	0.997519599	8.92576E-05	0.002391144
0	0	0.947063082	0.002143555	0.050793363
0	0	0.873573662	0.022436575	0.103989762
0	0	0.974068416	0.000921439	0.025010145
0	0	0.966983148	0.001257695	0.031759156
0	0	0.913583704	0.005057008	0.081359288
0	0	0.916697326	0.00169059	0.081612085
0	0	0.796931221	0.007430316	0.195638463
0	0	0.99327589	0.000609332	0.006114778
0	0	0.961706987	0.001259998	0.037033015
0	0	0.938447261	0.002494346	0.059058393
0	0	0.962918076	0.001015284	0.03606664
0	0	0.990687029	0.000743563	0.008569408
0	0	0.975401217	0.001041174	0.02355761
0	0	0.977228612	0.001252724	0.021518663
0	0	0.973673704	0.000716467	0.025609829
0	0	0.984177108	0.000506772	0.01531612
0	0	0.964238766	0.002855763	0.032905471
0	0	0.947931547	0.001537692	0.050530762
0	0	0.959187657	0.00118233	0.039630013
0	0	0.974906806	0.000898294	0.0241949
0	0	0.992129413	0.000256854	0.007613733
0	0	0.995532331	0.000155343	0.004312327
0	0	0.939287519	0.00141768	0.059294801
0	0	0.948550187	0.002252712	0.049197101
0	0	0.990517397	0.00027594	0.009206663
0	0	0.990477221	0.000506003	0.009016776
0	0	0.98573409	0.00077135	0.01349456
0	0	0.971255467	0.001247186	0.027497347
0	2	0.237946262	0.026042892	0.736010847
0	0	0.974369539	0.003337062	0.022293399
0	0	0.987423128	0.000404137	0.012172735
0	0	0.95010561	0.001141078	0.048753313
0	0	0.978342136	0.000696951	0.020960913
0	0	0.927228459	0.003370631	0.06940091
0	2	0.038613938	0.001693188	0.959692873
0	0	0.983881705	0.000484957	0.015633338
0	2	0.25847445	0.006359164	0.735166386
0	0	0.957187508	0.00175804	0.041054453
0	0	0.935037565	0.00169399	0.063268445
0	0	0.987990898	0.000262389	0.011746713
0	0	0.960326867	0.001095459	0.038577674
0	0	0.989959546	0.000673723	0.00936673
0	0	0.916711357	0.002090478	0.081198165
0	0	0.81540462	0.005595622	0.178999758
0	0	0.99719619	0.001121702	0.001682108
0	0	0.989645221	0.000183718	0.010171061
0	0	0.936956476	0.002368216	0.060675308
0	0	0.923303787	0.001803372	0.074892841
0	0	0.989821759	0.000529525	0.009648716
0	0	0.912583766	0.003183814	0.08423242
0	0	0.969511147	0.001355258	0.029133595
0	0	0.949229602	0.001028345	0.049742053
0	0	0.957656259	0.001363546	0.040980195
0	2	0.355374668	0.211869948	0.432755384
0	0	0.944399074	0.001931214	0.053669712
0	0	0.992325824	0.000361191	0.007312985
0	0	0.808279603	0.005392494	0.186327903
0	0	0.962190893	0.001312735	0.036496372
0	0	0.982312143	0.000667517	0.01702034
0	0	0.937640405	0.002165966	0.060193629
0	0	0.936793719	0.002608207	0.060598074
0	0	0.686042518	0.005698709	0.308258774
0	0	0.992093448	0.000306027	0.007600525
0	0	0.857670515	0.008412511	0.133916974
0	0	0.94263636	0.003038854	0.054324786
0	0	0.993109532	0.000114102	0.006776366
0	0	0.991581298	0.000245171	0.00817353
0	0	0.975056207	0.001019482	0.02392431
0	0	0.982576076	0.000811053	0.016612871
0	0	0.991611743	0.000479808	0.007908449
0	0	0.68116185	0.000472697	0.318365452
0	0	0.985406656	0.000397426	0.014195917
0	0	0.963932865	0.001492454	0.034574681
0	2	0.031221841	0.045696326	0.923081833
1	1	7.30176E-06	0.999805266	0.000187432
1	1	1.31478E-06	0.999961993	3.66925E-05
1	1	2.18906E-05	0.999049341	0.000928768
1	1	1.13889E-05	0.999629246	0.000359365
1	1	0.000110841	0.994996971	0.004892188
1	1	1.8403E-05	0.999501201	0.000480396
1	1	4.34631E-06	0.999915917	7.97364E-05
1	1	2.89325E-06	0.999871522	0.000125585
1	1	0.00561823	0.989813582	0.004568188
1	1	0.000489902	0.987374425	0.012135673
1	1	0.003624166	0.993192197	0.003183637
1	1	1.75922E-05	0.999244252	0.000738156
1	1	2.67082E-05	0.999360104	0.000613187
1	1	1.41206E-05	0.999623919	0.00036196
1	1	0.000169142	0.99922965	0.000601207
1	1	0.000619664	0.997370762	0.002009574
1	1	1.34306E-05	0.999622613	0.000363956
1	1	9.93764E-06	0.999719547	0.000270516
1	1	3.91855E-05	0.992920516	0.007040299
1	1	3.28922E-05	0.999325206	0.000641902
1	1	0.000290292	0.978705336	0.021004372
1	1	1.24716E-05	0.999644897	0.000342631
1	1	3.60203E-05	0.999172675	0.000791305
1	1	1.12313E-05	0.99959301	0.000395758
1	1	2.60513E-05	0.999258601	0.000715348
1	1	1.71851E-05	0.999430653	0.000552162
1	1	0.000105882	0.997417314	0.002476805
1	1	0.000181595	0.998168987	0.001649418
1	1	1.81772E-05	0.999556322	0.000425501
1	1	0.000183274	0.997672187	0.002144539
1	1	0.000110796	0.998582593	0.001306611
1	1	2.21875E-05	0.999418656	0.000559156
1	1	0.000176931	0.997353102	0.002469967
1	1	0.000295046	0.987498378	0.012206576
1	1	1.23557E-05	0.999804181	0.000183463
1	1	3.44794E-05	0.998851911	0.001113609
1	1	1.2109E-05	0.999741541	0.00024635
1	1	1.9726E-05	0.999425126	0.000555148
1	1	1.24359E-05	0.999779408	0.000208156
1	1	4.37519E-05	0.999424093	0.000532155
1	1	8.57658E-05	0.999209993	0.000704241
1	1	2.89985E-05	0.999635326	0.000335676
1	1	0.00595618	0.978508297	0.015535524
1	1	8.99854E-06	0.999751332	0.00023967
1	1	0.017673677	0.903229212	0.079097111
1	1	0.000538979	0.995178584	0.004282437
1	1	1.88629E-05	0.999487551	0.000493586
1	1	1.98286E-05	0.999615562	0.000364609
1	1	2.36639E-05	0.999141903	0.000834433
1	1	0.000146833	0.998886942	0.000966225
1	1	2.95482E-05	0.999312834	0.000657617
1	1	3.99159E-05	0.998864466	0.001095619
1	1	1.15241E-05	0.999330321	0.000658155
1	1	3.07472E-05	0.999088305	0.000880948
1	1	1.62771E-05	0.999745703	0.00023802
1	1	6.34762E-06	0.999869019	0.000124634
1	0	0.478042365	0.359746407	0.162211227
1	1	1.60822E-05	0.999704135	0.000279783
1	1	4.3228E-05	0.999578887	0.000377885
1	1	2.11773E-05	0.999619029	0.000359793
1	1	1.60099E-05	0.999399809	0.000584181
1	1	1.40309E-05	0.999553347	0.000432622
1	1	0.000162163	0.996694941	0.003142896
1	1	0.005481739	0.989027744	0.005490517
1	1	0.000235476	0.995408528	0.004355996
1	1	0.000102581	0.998940852	0.000956567
1	1	0.000256876	0.989142232	0.010600892
1	1	1.63113E-05	0.999250091	0.000733597
1	1	3.61664E-05	0.999619046	0.000344788
1	1	0.000702146	0.987509802	0.011788051
1	1	1.39398E-05	0.999734761	0.000251299
1	1	1.48174E-05	0.999791948	0.000193234
1	1	4.65101E-05	0.999359258	0.000594232
1	1	2.20743E-05	0.999303869	0.000674057
1	1	5.1212E-06	0.999777751	0.000217128
1	1	3.23833E-05	0.998932011	0.001035606
1	1	1.612E-05	0.999447331	0.000536549
1	1	1.95489E-05	0.999306931	0.00067352
1	1	7.91821E-06	0.999754131	0.000237951
1	1	2.24386E-05	0.999572401	0.00040516
1	1	2.58831E-05	0.999179953	0.000794164
1	1	2.11937E-05	0.999391526	0.00058728
1	1	1.5714E-05	0.999641998	0.000342288
1	1	2.48198E-05	0.999732403	0.000242777
1	1	1.4923E-05	0.999691775	0.000293302
1	1	0.000281268	0.998099821	0.00161891
1	1	0.000154426	0.999107077	0.000738497
1	1	1.72354E-05	0.999752423	0.000230341
1	1	8.81287E-06	0.999702567	0.000288621
1	1	5.28998E-05	0.998688949	0.001258151
1	1	7.34048E-05	0.998879903	0.001046692
1	1	6.69308E-05	0.99964859	0.000284479
1	1	0.000123386	0.998106649	0.001769966
1	1	6.90303E-06	0.999749659	0.000243437
1	1	7.21488E-06	0.999734789	0.000257996
1	1	7.9822E-05	0.999488923	0.000431255
1	1	0.00040051	0.993251212	0.006348278
1	1	1.6809E-05	0.99940291	0.000580281
1	1	2.14404E-05	0.99956662	0.00041194
1	1	8.14375E-06	0.999740354	0.000251502
1	1	3.14086E-06	0.99988711	0.000109749
1	1	1.23656E-05	0.999705293	0.000282341
1	1	8.9764E-06	0.999688367	0.000302657
1	1	6.16034E-06	0.999721614	0.000272226
1	1	2.46951E-05	0.999393576	0.000581729
1	1	0.00219757	0.961555584	0.036246846
1	1	1.199E-05	0.999560289	0.000427721
1	1	1.16498E-05	0.999476983	0.000511367
1	1	4.28203E-06	0.999917019	7.86988E-05
1	1	2.53738E-06	0.999920768	7.66946E-05
1	1	3.34761E-05	0.998523735	0.001442789
1	1	2.43616E-05	0.979901112	0.020074526
1	1	3.66542E-05	0.999016793	0.000946553
1	1	0.00537052	0.903995896	0.090633583
1	1	6.58505E-05	0.999376246	0.000557904
1	1	4.91807E-05	0.998291272	0.001659548
1	1	1.52786E-05	0.999644888	0.000339833
1	1	7.69444E-05	0.995483172	0.004439884
1	1	0.000422443	0.996848384	0.002729173
1	1	0.000546898	0.99059699	0.008856111
1	1	0.005735129	0.608082301	0.38618257
1	1	0.097640947	0.506840797	0.395518256
1	1	7.01824E-06	0.999802012	0.000190969
1	1	4.24662E-05	0.99919777	0.000759764
1	1	6.41972E-06	0.999764705	0.000228875
1	1	1.6119E-05	0.999587055	0.000396826
1	1	5.93391E-06	0.999772597	0.000221469
1	1	3.40491E-05	0.99949408	0.00047187
1	2	0.320101721	0.090065648	0.589832632
1	1	0.000374742	0.990967278	0.008657981
1	1	9.07345E-05	0.99753026	0.002379005
1	1	0.00010589	0.997895706	0.001998404
1	1	1.82083E-05	0.999569603	0.000412188
1	1	5.5578E-06	0.999891866	0.000102576
1	1	1.95326E-05	0.999373859	0.000606609
1	1	5.49747E-05	0.997466117	0.002478908
1	1	0.000348168	0.992997764	0.006654068
1	1	7.7993E-06	0.999723302	0.000268898
1	1	7.31042E-05	0.995285895	0.004641001
1	1	6.64119E-06	0.999680206	0.000313153
1	1	0.001478695	0.94148659	0.057034714
1	1	0.000660807	0.99228158	0.007057613
1	1	6.35364E-06	0.999816863	0.000176784
1	1	3.6448E-06	0.999891466	0.000104889
1	1	2.94397E-05	0.999534123	0.000436437
1	1	1.77756E-05	0.999516764	0.00046546
1	1	0.000708832	0.991147317	0.008143851
1	1	0.000221941	0.994018529	0.00575953
1	1	0.000261156	0.994421568	0.005317276
1	1	0.001459986	0.96644737	0.032092644
1	1	3.20169E-05	0.999152841	0.000815143
1	1	3.81705E-07	0.999982425	1.71928E-05
1	1	4.13557E-06	0.999813879	0.000181985
1	1	5.54473E-06	0.999838222	0.000156233
1	1	2.69134E-06	0.999927067	7.02414E-05
1	1	7.29973E-06	0.999826825	0.000165875
1	1	4.09134E-06	0.999860936	0.000134973
1	1	0.000753353	0.987699043	0.011547605
1	1	1.26747E-05	0.999798785	0.00018854
1	1	1.00042E-05	0.999691158	0.000298838
1	1	1.24293E-06	0.999962171	3.65863E-05
1	0	0.502795409	0.41305607	0.084148521
1	1	1.52551E-05	0.999702122	0.000282623
1	1	1.49026E-05	0.999525736	0.000459361
1	1	2.14471E-06	0.999893583	0.000104272
1	1	2.893E-06	0.99988513	0.000111977
1	1	3.986E-06	0.999878332	0.000117682
1	1	0.121722081	0.696689912	0.181588007
1	1	9.32389E-06	0.999769141	0.000221535
1	1	2.19748E-05	0.999787764	0.000190261
1	2	0.111701849	0.25627043	0.632027721
1	1	0.001214899	0.961179204	0.037605897
1	1	2.83046E-05	0.999612516	0.00035918
1	1	5.25562E-05	0.999473455	0.000473989
1	2	0.179503995	0.28053471	0.539961295
1	1	2.84031E-06	0.999904316	9.28435E-05
1	1	3.46891E-06	0.999830953	0.000165578
1	1	3.48758E-06	0.999698716	0.000297796
1	1	1.16192E-05	0.999744238	0.000244143
1	1	1.57799E-06	0.999942567	5.58547E-05
1	1	1.25497E-05	0.999588156	0.000399294
1	1	7.57153E-06	0.999884021	0.000108407
1	1	2.66488E-05	0.99923269	0.000740661
1	1	1.36342E-05	0.999667912	0.000318454
1	1	5.19784E-06	0.99983273	0.000162072
1	1	7.78147E-06	0.999734815	0.000257404
1	1	3.39667E-06	0.999885285	0.000111319
1	1	0.000458818	0.972235414	0.027305768
1	1	1.18627E-05	0.999791688	0.000196449
1	1	0.018564406	0.794129136	0.187306458
1	1	0.004406366	0.953510363	0.042083271
1	1	9.12804E-06	0.999740624	0.000250248
1	1	2.8748E-05	0.999758193	0.000213059
1	1	0.000286495	0.988279797	0.011433708
1	1	3.18871E-06	0.999905788	9.10234E-05
1	1	9.49605E-06	0.999865396	0.000125108
1	1	0.010548516	0.930093584	0.059357899
1	1	2.62387E-05	0.999523587	0.000450174
1	1	7.22666E-06	0.999867088	0.000125685
1	1	0.00026236	0.99691164	0.002826
1	1	3.10719E-06	0.999907162	8.97311E-05
1	1	4.96322E-05	0.99583724	0.004113128
1	1	0.00087914	0.979153706	0.019967154
1	1	2.53609E-05	0.99930018	0.000674459
1	1	7.78659E-06	0.999691907	0.000300306
1	1	2.02199E-05	0.999455532	0.000524249
1	1	1.10153E-05	0.999675489	0.000313496
1	1	8.88201E-06	0.999717447	0.000273671
1	1	0.000132742	0.98530474	0.014562518
1	1	1.05947E-05	0.998943693	0.001045712
1	1	3.17641E-05	0.999425384	0.000542851
1	1	1.04508E-05	0.99966905	0.000320499
1	1	2.83121E-05	0.999479043	0.000492645
1	1	9.37798E-06	0.999454016	0.000536606
1	1	2.92706E-05	0.999172351	0.000798378
1	1	4.77832E-05	0.998665081	0.001287136
1	1	1.809E-05	0.999350749	0.000631161
1	1	0.000110985	0.998887471	0.001001543
1	1	6.0641E-06	0.99977609	0.000217846
1	1	1.52641E-05	0.99959557	0.000389166
1	1	2.76789E-05	0.999059382	0.000912939
1	1	3.40619E-05	0.999068828	0.00089711
1	1	6.8392E-06	0.999659818	0.000333342
